"CHANNEL"	"20"

6.28424
6.28840
6.29048
6.36524
6.38080
6.51026
6.51262
6.61939
6.61998
6.70792
6.72801
6.81948
6.84526
6.85586
6.97903
6.97950
6.98046
7.29107
7.87546
7.99206
8.00616
8.01469
8.14192
8.17527
10.51609
10.52745
10.55113
10.64003
10.65853
10.78369
10.78600
10.78819
10.89505
10.89798
10.90100
10.90149
10.98369
11.00763
11.01857
11.01942
11.10574
11.13233
11.13845
11.14016
11.14017
11.14024
11.26954
11.26997
11.27084
11.27229
11.27519
11.27600
11.43430
11.43852
11.44458
11.44528
11.44808
11.54242
11.56798
11.58615
11.58833
11.58976
11.59051
11.59112
11.59171
11.59181
11.59276
11.59340
11.59401
11.59491
18.46562
18.70732
18.79293
18.80278
18.82380
18.83065
18.83087
18.83142
18.83208
18.93983
19.87942
19.88003
19.88113
19.88152
19.88221
19.88444
19.88745
19.88814
19.88960
20.02385
20.05093
20.06538
22.13598
22.14460
22.16147
22.17171
22.29254
22.29799
22.54453
22.54812
22.54879
22.54968
22.55030
23.08114
23.08217
23.08329
23.08671
23.08771
23.08842
23.08884
23.08940
23.09294
23.09306
23.09921
23.21673
23.22511
23.22593
23.22606
23.22670
23.22738
23.22844
23.23076
23.23152
23.23306
23.23477
23.23529
23.23687
23.23754
23.23838
23.23912
23.24155
23.24234
23.36352
23.36457
23.36565
23.36702
23.36823
23.36893
23.37422
23.37504
23.37539
23.37573
23.37721
23.37791
23.37803
23.38073
23.38246
23.38341
23.38578
23.38740
23.38790
23.39026
23.55080
23.55241
23.55305
23.55444
23.55754
23.55805
23.56155
23.56254
23.56321
23.56466
23.56593
23.56892
23.57044
23.57242
23.57419
23.57524
23.57759
23.57979
23.58119
23.58329
23.58399
23.83369
23.84952
23.87022
23.89199
23.99404
24.00668
24.04344
24.04534
35.71358
35.81467
35.81881
35.84172
35.85330
35.85456
35.85513
38.65632
38.74837
38.78096
38.79076
38.90263
38.90306
38.90590
39.12827
39.55582
39.55761
39.56059
39.56265
39.56713
39.56774
39.56930
39.66319
39.67006
39.67651
39.68443
39.69256
39.70982
44.29517
44.30355
44.31975
44.41239
44.42697
44.43943
44.77896
44.77939
45.19870
45.20449
45.20607
45.20882
45.20953
45.29942
45.30888
45.32905
45.34125
45.34127
45.34251
45.34667
48.37495
48.40275
48.48999
48.50658
48.50766
48.50878
48.53564
48.64014
48.64209
48.64284
48.74969
48.74983
48.75020
48.75223
48.84519
48.85762
48.86580
49.07627
49.08616
49.10300
49.38483
49.40172
49.41599
49.43222
49.43307
49.43669
55.99078
56.00101
56.00152
56.01577
56.10585
56.11754
56.11817
56.12137
56.12344
56.12638
56.12917
56.46962
56.47004
56.47044
56.47113
56.47161
56.47312
56.58783
56.71171
56.71229
56.71435
56.71873
56.71928
56.72077
56.83827
56.84032
56.84140
56.84213
56.84394
56.84452
56.84559
56.85139
56.85288
56.85306
56.86029
56.86391
56.95231
56.95605
56.96563
56.98951
56.99016
56.99077
56.99315
56.99386
56.99447
56.99519
56.99592
56.99662
56.99737
56.99790
56.99854
57.00024
57.00086
57.00234
57.00299
57.00372
57.00436
57.00513
57.00590
57.28448
57.32767
62.50711
62.59136
62.60119
62.60285
62.60959
62.62679
62.73644
62.84573
62.84720
62.95673
62.95870
63.30748
63.33896
63.62933
63.63312
63.63354
63.63364
63.63375
63.63739
63.63964
63.64488
63.74118
63.77152
63.78201
63.79010
70.40950
73.94767
73.94823
78.12692
78.13713
78.23817
78.25767
78.37746
78.38011
78.38147
78.38223
78.38304
78.48680
78.48927
78.60050
78.71707
78.84393
78.99562
78.99630
78.99680
78.99783
78.99856
79.00224
79.00256
79.00429
79.09733
79.10890
79.12224
79.13315
79.13391
79.13489
79.13552
79.13622
79.13684
79.13730
79.13736
79.13836
79.13899
79.13963
79.22660
79.23563
79.24914
79.25713
79.27235
79.27505
79.27594
81.57709
81.60826
81.61856
81.69822
81.70642
81.71121
81.72022
81.84809
81.85052
81.95634
81.96241
82.04252
82.05082
82.05844
82.06688
82.07974
82.18034
82.19134
82.50547
82.50659
82.50762
82.50859
82.50897
82.50951
82.51080
82.51411
82.51614
82.52180
82.67148
82.68783
82.68999
85.66722
85.68341
85.78971
85.83255
85.83445
86.04958
86.05071
86.14835
86.16662
86.16719
86.28831
86.28905
86.43968
86.44218
86.44485
86.44704
86.44851
86.59792
86.59985
86.60047
86.60089
86.60128
86.60153
86.60201
86.60269
86.60306
86.60369
86.60482
86.60590
86.60948
86.61056
86.61087
86.61283
86.61296
86.61773
86.71412
86.74220
86.76938
90.88394
90.90040
90.90967
90.92849
91.01481
91.02934
91.04001
91.05521
91.25621
91.25688
91.36710
91.37018
91.37250
91.89783
91.92781
97.76179
97.77143
97.78187
97.78353
97.79775
97.87641
97.89009
97.90077
98.11581
98.23031
98.67073
98.67364
98.67606
98.67721
98.67830
98.67838
98.77546
98.78548
98.79636
98.80643
98.81994
98.82287
98.82337
101.07269
101.08549
101.19018
101.20330
101.21447
101.22736
101.23234
101.32891
101.33150
101.33308
101.43597
101.43830
101.43895
101.43959
101.44030
101.55103
101.67614
101.67669
101.67697
101.67823
101.68011
102.05223
102.05965
102.07578
102.18460
102.19284
102.19549
102.20401
102.21453
102.22312
102.22313
102.40138
102.40165
103.21481
103.21771
103.21888
103.21988
103.22123
103.22343
103.22699
103.22826
103.22921
103.23281
107.04549
107.05673
107.07380
107.18765
107.22954
107.44116
107.44263
109.97881
109.98796
109.99712
110.01581
110.09477
110.10645
110.11741
110.12454
110.13869
110.23911
110.23987
110.24075
110.24153
110.35139
110.35192
110.35413
110.46467
110.59621
110.93123
110.93429
118.08103
118.21705
122.51458
122.54337
122.55727
122.63192
122.65247
122.78077
122.78138
122.78224
122.78286
122.78350
122.78440
122.78520
122.88623
122.99625
122.99854
123.11757
123.25200
123.25275
123.25389
123.25462
123.25558
123.25632
123.25746
123.25851
123.25998
123.26216
123.26657
123.26706
123.38589
123.39363
123.39415
123.39740
123.39810
123.40031
123.40451
123.40651
126.44370
126.45292
126.45487
126.47205
126.55765
126.57094
126.59095
126.60637
126.82106
126.82159
127.06217
127.06227
130.36615
130.37609
130.38669
130.47861
130.49595
130.49877
130.61189
130.61573
130.72039
130.72196
130.72251
130.72410
131.10645
131.10869
140.76220
140.76857
140.78457
140.88060
140.88763
140.88968
140.89416
140.91300
140.92138
140.92311
140.92378
141.02086
141.03127
141.06038
143.69611
143.70924
143.72859
143.73276
143.80885
143.81998
143.83694
143.86178
143.86325
143.95594
143.95874
143.95953
143.96016
144.06152
144.06423
144.06507
144.06591
144.17001
144.17035
144.17345
144.25247
144.27668
144.28899
144.28947
144.38176
144.40190
144.65096
144.65609
144.68119
144.68203
144.68295
144.68586
144.68724
144.68793
144.69022
144.69088
144.78750
144.80674
144.81023
144.81537
144.81598
144.82148
144.82585
144.82610
144.82789
144.83459
144.83576
144.92302
144.93506
144.95068
144.97184
145.06724
145.07936
145.08818
145.09754
145.11243
145.47951
145.48438
145.48507
145.48654
145.48713
145.49632
154.05258
154.06621
154.06828
154.09274
154.16720
154.18592
154.19065
154.21454
154.21774
154.41597
154.52539
154.53156
154.61472
154.64148
154.74119
154.75498
154.76140
154.87442
154.88523
154.89475
154.90195
154.91214
155.02112
155.03202
155.03468
155.03901
155.04413
155.06049
155.07096
155.18115
155.19357
155.22596
155.22767
155.22896
155.22946
155.23167
155.23390
155.87590
155.87695
155.87735
155.87798
155.87840
155.87906
155.87941
155.88009
155.88049
155.88082
155.88146
155.88260
155.88362
155.88480
155.88586
155.88663
155.98758
156.01547
156.03013
161.33131
169.29121
169.30102
169.30860
169.31990
169.41544
169.42918
169.46691
169.78802
172.15678
172.16244
172.16353
172.17473
172.18100
172.18101
172.26137
172.27131
172.28087
172.29623
172.36917
172.37876
172.38610
172.38912
172.40926
172.41147
172.49675
172.51039
172.51273
172.51569
172.53920
172.63015
172.64132
172.64581
172.64798
172.65773
172.67299
172.67797
172.76297
172.77525
172.80626
172.89509
172.91905
172.94137
173.20399
173.21746
173.24885
173.35363
173.37522
173.37924
173.41755
178.39244
178.40358
178.42281
178.51566
178.53722
178.87987
178.88030
178.88047
178.88198
181.08416
181.09650
181.09990
181.11266
181.20599
181.22051
181.23065
181.25441
181.34616
181.34848
181.35006
181.35071
181.45238
181.45525
181.45588
181.56596
181.56641
181.69228
182.11056
182.11125
182.11431
182.11708
182.24180
182.24551
182.24861
182.24913
182.25023
182.25334
182.26098
182.26311
185.91642
185.92969
185.95035
185.96059
186.04864
186.06085
186.06576
186.07332
186.30447
186.31045
186.31267
186.31481
186.31723
186.31793
186.31812
186.31873
186.31948
186.31950
186.39605
186.42324
192.39610
192.40279
192.41680
192.49450
192.50737
192.63007
192.63077
192.63152
192.63231
192.63291
192.63373
192.73191
192.83865
192.84075
193.47323
193.49462
193.50870
196.65182
196.65999
196.66072
196.67437
196.77436
196.79124
196.80450
197.27290
197.28177
197.28387
197.28628
197.38693
197.39888
197.42054
197.42756
199.88965
199.89988
199.91024
199.91176
199.92619
200.00897
200.02208
200.02274
200.03719
200.15301
200.15366
200.15673
200.26706
200.37827
200.37911
206.32350
206.32755
206.33019
206.35366
206.42164
206.43715
206.46491
206.46496
206.55904
206.77125
206.77131
206.77324
209.73202
209.73602
209.75340
209.76181
209.84895
209.85951
209.87804
209.89458
209.98849
209.98910
209.99362
210.10163
214.10264
214.12552
214.21793
214.23930
214.25737
214.34931
214.35567
214.46003
214.46075
214.46141
214.46216
214.46295
214.69299
217.42152
217.42851
217.44415
217.45552
217.53595
217.55477
217.56690
217.57305
217.57525
217.66677
217.67406
217.67564
217.67581
217.77969
217.78364
217.78371
217.78415
217.86388
217.88556
217.89522
220.63615
220.73020
220.73754
220.75459
220.76263
220.83981
220.84956
220.86830
220.88388
220.96269
220.98017
221.10889
221.15984
221.24620
221.26702
221.52241
221.53849
221.53950
221.57086
221.71686
221.71755
221.71808
221.71930
233.20250
233.20724
233.20912
233.21370
233.22195
233.23548
233.32037
233.33336
233.34743
233.68706
233.68772
233.68833
233.68980
233.69046
233.80964
236.60033
236.68096
236.68947
236.69286
236.70337
236.71933
236.71986
236.82407
236.92986
237.01058
237.03040
237.16382
237.16421
237.16450
239.60826
239.63073
239.64119
239.71567
239.73615
239.75200
239.85609
239.86163
239.86702
239.86781
239.94376
239.96784
240.04831
240.07660
240.20213
240.20266
241.78773
242.23434
242.24285
242.25715
242.27069
242.56181
242.57971
247.18628
247.21003
247.29504
247.31578
247.43990
247.44446
247.44575
247.54898
247.54972
247.55275
247.55289
247.66154
247.66200
247.66610
247.78324
257.37581
262.52534
262.63780
262.64166
262.64398
262.64780
262.64850
262.64961
262.65070
262.65141
262.65215
262.65958
262.76782
262.77923
262.77993
262.78099
262.78201
262.78419
262.78611
262.78690
262.78766
262.78834
262.78904
262.78990
262.78991
262.79051
262.79109
262.91461
268.51013
268.51195
268.51405
268.52084
268.52733
268.53163
268.54129
268.54194
269.07445
269.07594
269.07942
269.10796
269.21419
269.21802
269.22060
269.23903
269.24563
269.25898
269.26063
269.26093
269.26279
274.15495
274.17268
274.17680
274.19427
274.26019
274.27047
274.28678
274.40411
274.40442
274.40618
274.40685
274.40998
274.41007
274.51165
274.62191
274.62227
274.62455
274.62530
274.62605
276.62040
276.63024
276.64233
276.64354
276.64430
276.73999
276.75228
276.77012
276.78229
276.78303
276.78353
276.88906
276.88970
277.00157
277.12418
277.12632
280.80514
280.81110
280.81239
280.82575
280.83612
280.91996
280.93811
281.05529
281.05563
281.05692
281.05805
281.05872
281.05929
281.06085
281.06166
281.06234
281.06298
281.16646
281.16711
281.16739
281.16794
281.16856
281.16932
281.17014
281.17081
281.28279
281.28517
281.40949
281.47465
281.47504
281.47582
281.47630
281.47712
281.47776
281.47883
281.47998
281.48127
281.48266
281.48388
281.48508
281.48643
281.48773
281.48898
281.48959
281.49152
281.49203
281.49286
281.49418
281.49543
281.49692
281.49834
281.50743
281.50897
281.51022
281.51293
281.56540
287.22730
287.24508
287.33653
287.35015
287.47414
287.47424
287.47630
287.58931
287.58935
287.58991
287.69804
287.70018
293.61732
293.62138
293.62241
293.62439
293.63695
293.72578
293.75208
293.75903
293.85634
293.85764
293.85989
293.86053
293.86126
293.96385
294.07250
294.07436
294.07490
294.18867
294.18896
294.18907
294.18950
298.16783
298.60775
298.60783
298.60828
298.61138
301.53863
301.74955
301.75025
301.75105
301.75175
301.75241
301.75306
301.75384
301.75458
301.75530
301.75751
301.75824
301.86383
301.97089
304.90214
304.91093
304.91491
304.92601
305.01874
305.03442
305.04763
305.06470
305.13805
305.14937
305.16856
305.28006
305.31732
305.62254
307.53914
307.62396
307.63415
307.64265
307.65197
307.66995
307.96300
307.96368
307.96412
308.06339
308.06419
308.16755
308.17038
308.17172
308.17244
308.17322
308.28391
308.28642
311.32819
311.58115
311.58315
311.91697
312.02644
312.03228
312.03252
312.03280
312.04201
312.04279
312.04423
312.04486
312.04577
312.04643
312.04788
312.04849
312.05008
312.16861
312.16927
312.17067
312.17130
312.17287
312.17436
312.17489
312.17565
312.25399
312.26108
312.26353
312.27169
312.29421
312.29909
312.38975
312.42713
312.82100
312.82915
312.84123
312.85236
312.86780
315.42312
315.42988
315.44366
315.45317
315.54317
315.55234
315.56889
315.57828
315.58677
315.67738
315.67962
315.68168
315.78452
315.78603
315.78671
315.78750
315.89336
315.89467
315.89481
315.89489
316.01590
318.28834
318.29077
318.39713
318.40015
318.50369
318.50566
318.50684
318.50749
318.50820
318.50873
318.50947
318.51263
318.51307
318.51462
318.51640
318.62432
318.62493
318.62789
318.73012
318.73220
318.73242
318.73362
318.73553
318.73771
318.73841
318.73913
318.84819
318.85102
318.97961
320.80004
320.80074
320.90968
320.91030
320.91073
320.91359
320.91431
320.91579
320.91647
320.91726
320.91728
321.02413
321.02633
321.02847
321.03092
321.03384
321.03560
321.03765
321.03854
321.04138
321.04216
321.14241
321.14469
321.24837
321.25015
321.25211
321.36121
321.36550
321.46754
321.47632
321.47862
321.48136
321.48195
321.48288
321.48350
321.60874
321.60956
321.73924
321.86909
321.87058
321.87152
321.87232
321.87262
321.87335
321.87370
321.87405
321.87440
321.87479
321.87511
321.87641
321.87935
321.87993
321.88011
321.88101
321.88337
321.88387
321.88693
321.88873
321.88919
321.89085
321.89148
322.01452
322.01595
322.01654
322.02871
322.02972
322.03247
322.03311
322.03361
322.03462
322.03621
322.03677
322.03820
322.03883
322.03974
322.04121
322.04317
322.15343
322.16772
322.18744
322.20614
322.54863
322.55016
322.55117
322.55342
322.55397
322.55409
330.24926
330.45659
330.55405
330.65728
330.65865
330.66005
330.66205
330.76490
330.76746
330.87854
330.87959
330.88127
331.16804
331.17360
331.17683
331.17720
331.17782
331.17854
331.17918
331.18121
331.18188
331.18340
331.18401
331.18742
331.28024
331.29925
331.30070
331.30289
331.30641
331.30692
331.30995
331.31107
331.31163
331.31281
331.31347
331.31432
331.31466
331.31542
331.31574
331.31639
331.31878
331.31882
331.32099
331.32248
331.32378
331.42863
331.43582
331.43614
331.43650
331.43685
331.43722
331.43755
331.43786
331.44011
331.44203
331.44408
331.44615
331.44665
331.44744
331.44786
331.44818
331.44884
331.44953
331.45097
331.58738
337.66822
337.77842
337.77922
337.88632
338.00139
338.00318
338.00632
338.29507
339.79940
340.02161
340.02786
340.04275
340.12937
340.15227
340.27762
340.28465
340.29591
340.30213
340.31072
340.40960
340.42029
340.42995
340.44045
340.45253
340.57148
340.62549
340.70569
340.72472
340.72729
340.73163
340.85573
340.86183
340.88627
340.88819
340.88910
340.88973
340.89020
340.89124
340.89371
340.89427
340.89552
340.89749
340.89763
340.89785
340.90072
340.97597
340.99211
340.99601
341.00172
341.01016
346.37540
346.38202
346.38348
346.38810
346.41004
346.48410
346.51567
346.53535
346.64822
346.64954
346.65124
346.65178
346.65249
346.65321
346.65368
346.65387
346.75068
346.75130
346.75213
346.75417
346.75565
346.85871
346.86182
346.86325
346.86399
346.97413
346.97418
346.97516
347.10220
347.40010
347.40080
347.40116
347.40931
347.69227
349.15222
349.43246
349.43617
349.45720
349.47021
349.59895
349.60802
349.60872
349.61455
349.61661
349.62140
349.70334
349.71151
349.73560
349.73782
349.73982
349.74175
349.74626
349.74882
349.74974
349.75087
349.75202
349.75429
349.75492
349.75640
349.75695
349.75755
349.75848
349.75907
349.76061
349.76127
349.76203
350.06436
350.07675
350.09577
351.34167
351.34343
351.48578
351.48636
351.49326
353.78561
353.78983
353.79594
353.81729
353.92581
353.93080
353.93283
353.93348
353.93503
353.93640
353.93872
353.93882
353.93883
354.04238
354.04504
354.04564
354.04655
354.04712
354.04789
354.04925
354.04985
354.14586
354.14621
354.14770
354.14835
354.14910
354.14987
354.15064
354.15126
354.15190
354.15263
354.24629
354.24910
354.25035
354.25172
354.25254
354.25315
354.25455
354.25520
354.25599
354.36151
354.36444
354.36795
354.49168
354.49229
354.49313
354.49389
357.40669
357.50499
357.50625
357.50700
357.50764
357.50842
357.50899
357.50984
357.59376
357.60006
357.60208
357.60635
357.60711
357.60782
357.60852
357.60923
357.60991
357.61279
357.61361
357.70642
357.70704
357.70790
357.70856
357.71073
357.71134
357.80776
357.80859
357.80913
357.80922
357.81239
357.81396
357.91521
357.91872
357.91920
358.02723
358.02874
358.03077
358.03297
358.57407
358.57441
358.57460
358.57638
358.57690
358.69889
358.70041
358.70096
358.70214
358.70327
358.70390
358.70413
358.70749
358.82187
358.82571
358.82725
358.82783
358.82930
358.83034
358.83098
358.83188
358.83223
358.83298
358.83325
358.83392
358.83539
358.83594
358.83713
358.83749
358.83824
358.83886
358.84001
358.84060
358.84124
358.84133
358.84176
358.84328
358.84526
358.84590
358.84660
358.84728
358.84795
358.84865
358.84939
358.85010
358.93820
358.93894
358.95916
358.96139
358.96352
358.96520
358.98031
358.98106
358.98176
358.98249
358.98389
358.98453
358.98608
358.98660
358.98821
358.98832
358.98870
359.11328
359.12057
359.15066
359.15269
364.89590
364.90489
364.92387
365.01731
365.01963
365.02015
365.02176
365.02247
365.02396
365.02471
365.02540
365.02748
365.11526
365.12005
365.12169
365.12219
365.12384
365.12463
365.12537
365.12593
365.12889
365.22450
365.22511
365.22580
365.22657
365.22733
365.22799
365.22996
365.23149
365.33204
365.33444
365.33514
365.33676
365.33737
365.44176
365.44492
365.44792
365.44862
365.44922
367.39890
367.39941
367.40024
367.48107
367.48616
367.48999
367.49954
367.50234
367.50435
367.50599
367.50824
367.50968
367.51037
367.60332
367.60532
367.61189
367.61427
367.61580
367.61789
367.61910
367.61972
367.62173
367.62531
367.70819
367.72514
367.73221
367.83393
367.83631
367.83698
367.83771
367.83840
367.83915
367.84072
367.84134
367.84222
367.94903
367.95335
367.95387
367.95467
367.95541
367.95614
368.05626
368.05741
368.05809
368.06318
368.06645
368.07060
368.07200
369.99741
369.99876
370.10837
370.10890
370.11059
370.11111
370.11324
370.11388
370.11748
370.11886
370.19624
370.20486
370.21154
370.22267
370.24414
370.33247
370.37424
370.66657
370.66862
370.66884
370.67262
370.67280
370.67443
370.67555
370.67618
370.67990
370.68052
370.68171
370.68280
370.68351
370.68500
370.68573
370.68649
370.84641
370.85232
370.85333
370.85472
370.85562
370.85678
370.85844
370.85961
370.86062
370.86208
370.86336
370.86553
370.95195
370.95243
370.95467
370.98087
370.98200
370.98322
370.98382
370.98548
370.99605
370.99887
370.99948
371.00093
371.00345
371.00421
371.00476
371.00577
371.00644
371.09220
371.10772
371.12524
371.14619
371.14902
372.72909
372.73300
372.73484
372.76479
372.76761
372.77204
375.94766
376.05816
376.13585
376.14274
376.15900
376.17015
376.25792
376.26750
376.29523
377.33681
377.37298
379.91535
379.99528
380.00226
380.01460
380.10122
380.11275
380.12863
380.14254
380.14311
380.22656
380.23890
380.24701
380.25914
380.27451
380.28550
380.29046
380.29047
380.52328
380.53486
380.53771
380.54258
380.54497
380.55256
380.57167
380.73386
380.73862
380.74020
380.74062
380.74230
380.74678
380.89651
380.89726
380.89796
380.89863
380.89938
380.89963
380.90035
380.90110
380.90142
380.90209
380.91420
380.91781
380.92090
385.79034
385.79591
385.79885
385.81800
385.89128
385.90198
385.91870
385.92809
386.01700
386.05296
386.05872
386.05882
386.05966
386.47315
386.48282
386.49388
386.50346
386.51793
386.52566
389.79325
389.87378
389.88123
389.88526
389.88564
389.99897
390.00158
390.00296
390.00469
390.00676
390.00821
390.10425
390.10672
390.10797
390.11055
390.18250
390.20519
390.21230
390.21448
390.27766
390.31110
390.41929
390.41979
390.42149
390.42218
390.42359
390.42580
390.70339
390.70470
390.70693
390.70832
390.82401
390.83445
390.83678
390.83793
390.83891
390.83953
390.84068
390.84391
390.84960
390.85027
390.85091
390.93305
390.94700
390.94866
390.95286
390.96062
390.96173
390.96395
390.96417
390.96496
390.96591
390.96724
390.96840
390.96925
390.96977
390.97048
390.97129
390.97201
390.97255
390.97473
390.97535
391.06935
391.07088
391.07379
391.07445
391.07524
391.07552
391.07620
391.07668
391.07723
391.07843
391.08367
391.08797
391.08810
391.09179
391.09407
391.09542
391.09825
391.09975
391.10043
396.67546
396.75214
396.75894
396.77167
396.84634
396.85432
396.85798
396.85960
396.86756
396.87025
396.95894
396.96940
396.98851
396.99359
396.99458
396.99481
396.99503
396.99655
396.99726
397.08919
397.10094
397.12275
397.12944
397.13155
397.13200
403.21385
403.28170
403.28558
403.30125
403.30870
403.31271
403.40307
403.41150
403.42708
403.43795
403.68975
403.72732
403.84431
403.88492
403.88709
404.10189
404.10404
404.21910
404.22013
404.22363
404.22641
404.22850
404.22993
404.23034
404.23416
404.24001
404.35487
404.35826
404.36031
404.36131
404.36599
404.37533
404.37571
404.37640
404.38163
404.38167
404.38368
404.38463
404.38504
404.38577
404.38728
404.38801
405.88977
405.89823
405.91913
406.03556
406.04011
406.04033
406.04044
406.04310
406.04462
406.04670
406.04756
406.04889
406.05078
406.05331
406.05490
412.29760
412.30479
412.31629
412.32854
412.40132
412.41439
412.42419
412.42752
412.44032
412.53601
412.54215
412.54441
412.63824
412.64008
412.71340
412.73322
412.74209
412.74279
412.74349
412.74422
412.74502
412.81484
412.84345
412.96061
412.96305
413.25333
413.37376
413.37741
413.38309
413.38389
413.38456
413.38516
413.38561
413.38568
413.38704
413.38738
413.38950
413.39153
413.46646
413.47553
413.49502
413.50421
413.50486
413.50571
413.50642
413.50663
413.50707
413.50764
413.50839
413.50921
413.50988
413.61778
415.96277
416.03907
416.04462
416.05565
416.07359
416.07410
416.16702
416.17956
416.18024
416.18077
416.18377
416.18452
416.18532
416.18634
416.18742
416.28421
416.28480
416.28558
416.28779
416.28842
416.36028
416.37089
416.38481
416.46530
416.47536
416.49235
416.59111
416.61519
416.62003
417.00762
417.13307
417.13373
417.13670
417.13694
417.13707
417.13877
417.13939
417.14512
417.27882
417.27995
417.28093
417.28168
417.28235
417.28311
417.28452
417.28928
417.28995
417.39465
417.39719
417.39920
417.39988
417.40026
417.40085
417.40201
417.40278
417.40469
417.40567
417.40640
417.40676
417.40743
417.40783
417.40846
417.40960
417.41141
417.41205
417.41315
417.41416
417.41533
417.41635
417.41796
417.42010
417.42165
417.42361
417.53271
417.53483
417.53543
417.53572
417.53640
417.53690
417.53756
417.53806
417.54091
417.54151
417.54270
417.54318
417.54680
417.54850
417.54905
417.55118
417.55334
417.55534
420.29562
420.38401
420.38894
420.39351
420.41397
420.42261
420.42329
420.53516
420.54502
420.57065
424.16810
424.17475
424.18699
424.19611
424.19733
424.26564
424.28688
424.39995
424.40081
424.40154
424.40201
424.40389
424.40460
424.40484
424.40572
424.40757
424.41104
424.49958
424.50307
424.50345
424.50519
424.50585
424.50651
424.50800
424.59670
424.60347
424.60497
424.60679
424.60732
424.61000
424.70103
424.71338
424.81377
424.83197
424.83368
429.47584
429.57279
429.66515
429.67161
429.67223
429.67377
429.67558
429.67728
429.67797
429.67878
429.68087
429.77489
429.77817
429.87767
429.87934
429.88005
429.88079
429.88155
429.88294
429.88357
429.88434
429.98771
429.98888
429.99001
430.09908
430.09985
430.10138
430.10250
430.10325
430.10461
430.10681
432.74718
432.84528
432.84632
432.84685
432.84916
432.93789
432.93856
432.93999
432.94467
432.94527
432.94619
432.94657
432.94691
432.94840
432.95053
432.95078
432.95110
432.95140
432.95188
432.95248
432.95318
432.95604
433.05463
433.05529
433.05576
433.05586
433.05674
433.05752
433.05820
433.05968
433.06044
433.15121
433.15329
433.15409
433.15476
433.15542
433.15611
433.15682
433.15713
433.15794
433.15919
433.15969
433.16132
433.16442
433.16639
433.16795
433.16804
433.17216
433.17281
433.27437
433.27468
433.27529
433.27606
433.27673
433.27717
433.27742
433.27821
433.28036
433.28184
433.28239
433.28328
433.39299
433.39685
433.39867
433.39910
433.40339
433.40387
433.51664
433.51723
433.51878
433.52081
433.52380
433.94012
438.12289
438.12366
438.18845
438.19650
438.20050
438.21936
438.22712
438.22774
438.33969
438.34198
438.34304
438.34420
438.34497
438.34512
438.34976
438.35198
438.35264
438.35411
438.35487
438.42822
438.44824
438.48420
438.48493
438.73139
438.74042
438.76130
442.86466
442.97747
443.09816
443.09965
443.10018
443.10232
443.10373
443.10529
443.21868
443.22062
443.22641
443.22744
443.22826
443.22855
443.22971
443.22988
443.23036
443.23162
443.23266
443.23422
443.23491
443.23569
443.23574
443.23628
443.23781
443.23847
443.23921
443.23987
443.24138
443.32301
443.32822
443.34052
443.34700
443.37215
443.37306
443.37574
443.37690
443.37754
443.37941
443.38146
443.38353
443.38431
443.48351
443.49505
443.51828
443.52914
443.52975
443.53052
443.53270
443.53319
443.53468
443.53754
443.53818
443.53879
443.53956
443.54024
443.54098
443.54154
444.90677
444.90789
444.90873
444.90985
444.91078
444.91243
444.91395
444.91451
445.00360
445.01088
445.02535
445.04038
445.11768
445.12945
445.13587
445.14182
445.16552
449.08522
449.18740
449.18900
449.28531
449.29138
449.29213
449.29348
449.29555
449.29616
449.29688
449.29764
449.29833
449.30067
449.39269
449.39325
449.39635
449.39687
449.48838
449.49079
449.49269
449.49392
449.49452
449.49527
449.49696
449.49763
449.49832
449.49976
449.56931
449.57639
449.59592
449.68597
449.69954
449.71412
449.71654
452.19743
452.54724
452.54887
452.55052
452.55631
452.58885
453.06196
453.06387
453.16847
453.16906
453.16982
453.17111
453.17325
453.17406
453.17620
453.25609
453.26610
453.27866
453.28672
453.28682
453.28752
453.28878
453.29039
453.29085
453.36749
453.40072
453.40648
453.40797
458.51608
458.63168
458.63400
458.75106
458.75186
458.75317
458.75540
458.87761
458.87868
458.88171
458.88237
458.88465
458.88817
459.04066
459.19207
462.61309
462.61371
462.69565
462.71720
462.72433
462.72665
462.72729
462.81210
462.82247
462.85305
471.68814
471.78776
471.79119
471.79123
471.86963
471.87337
471.87596
471.88811
471.89234
471.89410
471.89441
471.89707
471.90061
471.90132
471.90217
471.98520
471.99681
472.01371
472.02397
472.15285
472.80870
472.80972
472.81706
472.81876
472.81911
472.82078
472.82459
472.96288
472.96797
472.97139
472.97505
472.97954
472.98065
472.98241
472.98303
472.98358
472.98421
472.98531
472.98601
472.98722
472.98817
472.99341
472.99396
478.00903
478.07666
478.09234
478.21021
478.21229
478.21436
478.21789
478.30599
478.30661
478.30670
478.40719
478.40937
478.41010
478.41093
478.41128
478.41146
478.48130
478.50354
478.59285
478.62123
478.62400
478.62475
478.62543
478.74387
478.88567
478.88640
478.88710
478.88749
478.88820
478.88851
478.88890
478.88920
478.88963
478.88991
478.89066
478.99563
478.99926
478.99988
479.00254
479.00395
479.00459
479.00546
479.00583
479.00649
479.00694
479.00739
479.00815
479.01393
479.01467
479.01760
479.01914
479.11547
479.11597
479.11763
479.11879
479.11980
479.12789
479.12896
479.12983
479.13092
479.13187
479.13346
479.13400
479.13541
479.13680
479.13873
479.23672
479.23748
479.23822
479.23883
479.23959
479.24029
479.24343
479.24515
479.24592
479.24612
479.24638
479.24697
479.25128
479.25235
479.25341
479.25549
479.25649
479.25914
479.26068
479.26115
479.26275
479.26487
479.36500
479.37230
479.38038
479.39281
479.41114
479.67904
479.68001
479.68120
479.68157
479.68222
479.68251
479.68303
479.68414
479.68520
479.68559
479.68661
479.68730
479.69031
479.69240
479.69420
479.69428
479.69479
479.69904
479.70115
479.80504
479.80639
479.80889
479.80947
479.81381
479.81636
479.81738
479.82010
479.82192
479.82293
479.82360
479.82580
479.82667
479.82802
479.83040
479.83433
479.95372
479.95659
479.95732
479.95780
479.95845
479.95925
479.95954
479.96024
479.96056
479.96163
479.96283
479.96420
479.96513
479.96617
479.96765
479.97107
479.97255
479.97305
479.97458
479.97826
479.98066
480.24656
480.40510
483.84474
483.84977
483.85198
483.96809
483.96954
483.97030
483.97117
484.06831
484.06985
484.07206
484.07271
484.07349
484.07417
484.07484
484.07719
484.16341
484.16695
484.17243
484.17294
484.17505
484.17671
484.17734
484.17956
484.27276
484.27384
484.27735
484.27898
484.28089
484.28455
484.38951
484.39133
484.39373
484.39511
484.50513
484.51340
484.51726
484.52012
484.52059
484.95117
485.08025
485.08255
485.08432
485.08545
485.08709
485.08789
485.08822
485.08993
485.09064
485.09164
485.09271
485.09345
485.09349
485.09734
485.09809
485.09923
485.09984
485.10023
485.10073
485.10308
485.10594
488.76939
488.77229
488.77281
488.77356
488.77580
488.88228
488.88294
488.88628
488.88729
488.89403
488.89528
488.90138
488.90190
488.90380
489.00900
489.01364
489.01578
489.04625
489.15901
489.15929
489.15938
489.16367
489.16690
489.16760
489.16828
489.16902
489.25813
489.25874
489.26253
489.26368
489.26625
489.26663
489.26729
489.26801
489.27019
489.27094
489.27160
489.27420
489.27575
489.27639
489.27784
489.28065
489.28135
489.28288
489.37691
489.37943
489.38044
489.38157
489.38682
489.38783
489.39042
489.39155
489.39263
489.39288
489.39327
489.39440
489.39469
489.39511
489.39541
489.39612
489.39676
489.39751
489.39815
489.39876
489.39942
489.40092
489.40154
489.49424
489.49993
489.50116
489.50491
489.50541
489.50594
489.50697
489.50779
489.50879
489.50957
489.50986
489.51062
489.51305
489.51443
489.51519
489.51661
489.51725
489.51797
489.51876
489.51940
489.52016
489.52088
489.52153
489.63418
489.63862
489.64006
489.64283
489.64414
489.64696
489.89218
493.44748
493.52264
493.54290
493.55505
493.64551
493.64840
493.65032
493.65138
493.65229
493.65429
493.65483
493.65766
493.75387
493.75491
493.75778
493.75928
493.75991
493.76065
493.76145
493.84473
493.84769
493.85298
493.85369
493.85527
493.85576
493.85742
493.85808
493.85883
493.85951
493.86041
493.86102
493.86163
493.86332
493.86389
493.86465
493.93894
493.96159
493.96832
493.96874
493.96877
493.97032
494.06649
494.07672
494.08008
494.08129
494.08187
494.08324
494.08399
494.08469
494.08540
494.08604
494.08686
494.08773
494.08843
494.31741
494.32302
494.32455
494.45907
494.46638
494.47055
494.47343
494.47761
494.47831
494.47981
498.27480
498.27721
498.27845
498.28071
498.37650
498.38109
498.38157
498.38368
498.38424
498.38775
498.38842
498.47663
498.47936
498.48016
498.48285
498.48345
498.48425
498.48622
498.48685
498.48759
498.48819
498.48981
498.49038
498.49118
498.49204
498.49267
498.49343
498.49572
498.59405
498.59457
498.59526
498.59729
498.60004
498.60059
498.70060
498.70278
498.70432
498.70493
498.70650
498.70712
498.81253
498.81537
498.81945
498.81961
498.81982
498.82071
498.82140
498.82212
498.94875
498.95131
498.95140
499.20948
499.21015
499.21045
499.34609
499.34714
499.34954
499.47594
499.47791
499.47847
499.47995
499.48093
499.48171
499.48204
499.48403
499.48518
499.48594
499.48628
499.48698
499.48798
499.48872
499.48982
499.49016
499.49075
499.49120
499.49183
499.49231
499.49287
499.49398
499.49435
499.49500
499.49532
499.49786
499.49839
499.49849
499.50074
499.60929
499.61078
499.61767
499.61844
499.61940
499.62064
499.62179
499.62408
499.62779
499.62852
499.62866
499.62916
499.62990
499.63069
499.63143
499.63214
499.63284
499.63367
499.63494
507.14428
507.24596
507.24828
507.34540
507.34747
507.34947
507.44721
507.44915
507.54577
507.54847
507.55159
507.65572
507.65730
507.65898
507.76734
507.77014
507.77228
507.77401
507.77408
507.77589
507.77844
508.08606
508.08796
508.08964
508.10289
509.86800
510.06254
510.06412
510.06633
510.06853
510.06911
510.07204
510.16667
510.17083
510.17232
510.27297
510.27588
510.27653
510.27732
510.27879
510.27942
510.28001
510.28012
510.38326
510.38767
510.39021
510.51001
510.96631
510.97196
510.97428
510.97536
510.97634
510.97740
510.97776
510.97841
510.98651
511.12780
511.55356
511.55584
511.55662
511.55868
511.68536
511.68600
511.68743
511.68755
511.68950
511.69029
511.69325
511.69384
511.81308
511.81644
511.81763
511.81865
511.81925
511.82492
511.82707
511.82811
511.82886
511.82920
511.82985
511.83072
511.83254
511.83299
511.83352
511.83433
511.83474
511.83507
511.83579
511.83643
511.83718
516.66647
516.67113
516.67165
516.67247
516.67309
516.67371
516.67457
516.67525
516.67595
516.67662
516.67739
516.67823
516.67825
516.78546
516.78880
516.78899
516.79207
516.79276
516.79313
516.79346
516.79410
516.79487
516.79524
516.79554
516.79625
516.79701
516.79900
516.80044
516.80107
516.80318
516.80382
517.64663
517.94615
517.95217
517.95432
518.08620
518.08686
518.08913
518.08970
518.10507
519.05343
519.56462
519.56855
519.57826
519.59317
519.60825
519.60960
519.61010
519.61118
519.82915
519.85296
519.85475
519.87363
519.88287
519.88414
520.85207
520.87013
520.88738
528.47437
528.57419
528.57454
528.57462
528.57568
528.57623
528.65391
528.67826
528.68864
528.68900
528.68914
528.68974
528.69045
528.77214
528.81303
532.40196
532.64501
532.64736
532.74464
532.74556
532.84660
532.84952
532.85000
532.85066
532.85092
532.85168
532.95383
532.95458
532.95507
532.95725
532.95801
532.95935
532.96047
532.96082
533.06235
533.06546
533.07101
533.07491
533.20232
533.62229
533.62416
533.62675
533.62786
533.62873
533.62908
533.62979
533.63082
533.63234
533.63526
533.63634
533.63860
533.63930
533.64000
533.64046
533.64075
533.64143
533.64213
533.64289
533.64360
533.64435
533.64503
533.64579
533.64643
533.75606
533.76343
533.79543
533.79681
537.98206
538.07791
538.07973
538.17476
538.18433
538.18444
538.18654
538.18872
538.18994
538.19044
538.19090
538.19313
538.19623
538.29167
538.29307
538.29330
538.29578
538.39225
538.39312
538.39369
538.39437
538.39527
538.39653
538.39733
538.39815
538.39885
538.40044
538.40116
538.40181
538.40253
538.40336
538.50688
538.51036
538.51119
538.63000
539.38165
539.38233
539.38347
539.38450
539.38591
539.50102
539.50525
539.50597
539.50701
539.51498
539.51926
539.51998
539.62655
539.62719
539.62925
539.63206
539.63217
539.63316
539.63500
539.63625
539.63660
539.63781
539.63914
539.63972
539.64023
539.64289
539.64322
539.64351
539.64443
539.64706
539.72007
539.72867
539.73779
539.75069
539.76245
539.76319
539.76379
539.76453
539.76514
544.01197
544.08221
544.08624
544.10294
544.19339
544.19406
544.20025
544.20134
544.20214
544.20319
544.20396
544.20427
544.20496
544.20538
544.20609
544.20637
544.20714
544.20749
544.20788
544.20843
544.20918
544.20999
544.21068
544.21137
544.21212
544.21365
544.31040
544.31172
544.31331
544.31378
544.31466
544.38843
544.39756
544.41134
544.42175
544.42236
544.42325
544.49670
544.52271
544.53177
544.63972
544.64676
544.64726
544.64737
544.64748
544.64883
544.65151
545.08127
545.08386
545.09036
545.09106
545.09227
545.09261
545.09326
545.09635
545.09926
545.09988
545.21627
545.22385
545.22482
545.22643
545.22738
545.22837
545.22910
545.22952
545.23014
545.23054
545.23111
545.23220
545.23315
545.23381
545.23430
545.23534
545.23724
545.24219
545.24281
545.34992
545.35231
545.35296
545.35378
545.35445
545.35518
545.35591
545.35661
545.35706
545.35733
545.35796
545.35869
545.35911
545.36380
545.36451
545.36661
545.36724
545.36937
545.36974
545.37206
545.37350
545.37428
545.37567
545.50218
549.99991
550.14419
550.14512
550.27269
550.27588
550.28505
550.28996
550.38231
550.39258
550.41159
550.42835
550.42887
550.56502
550.60101
550.71458
550.74723
550.75070
550.75143
552.04584
554.41410
554.52107
554.52170
554.52241
554.52532
554.67248
554.67326
554.67479
554.67550
554.67613
554.77141
554.77220
554.77221
554.87308
554.87795
554.95055
554.95851
554.97779
555.07288
555.08799
555.10012
555.10363
555.10416
555.10463
555.10470
555.10572
555.10630
555.10797
555.10846
555.35812
555.51027
555.51090
555.51153
559.18120
559.28509
559.28710
559.28787
559.28935
559.29009
559.38543
559.38547
559.38614
559.38765
559.38818
559.38886
559.38959
559.39023
559.39078
559.39176
559.39247
559.39317
559.39384
559.46742
559.47479
559.49135
559.58637
559.61676
559.61827
559.62087
564.22919
564.31017
564.31454
564.33531
564.34349
564.34415
564.34490
564.48912
567.13128
567.20783
567.21819
567.33667
567.33753
567.33826
567.33978
567.34054
567.34270
567.43198
567.43714
567.43760
567.43923
567.43937
567.43985
567.44065
567.44106
567.44135
567.44198
567.44276
567.44349
567.51002
567.51880
567.52526
567.53770
567.61415
567.65043
567.65797
572.58562
572.58972
572.59252
572.60481
572.61238
572.61364
572.61449
572.69392
572.69978
572.70022
572.70076
572.70147
572.70342
572.70541
572.70754
572.70910
572.70964
572.71050
572.71159
572.71252
572.79610
572.80438
572.80495
572.80656
572.80728
572.80792
572.80860
572.80949
572.81138
572.90413
572.90661
572.90728
572.90894
572.91169
572.91334
572.97911
572.98913
573.00590
573.11974
573.12327
573.21842
573.24877
573.41571
574.11598
574.11669
574.11893
574.22077
574.22668
574.24734
574.24802
574.24869
574.24908
574.25080
574.25143
574.25214
574.25528
574.25590
574.26045
574.26411
574.26563
574.39614
574.39889
574.40276
574.40338
574.40536
574.40653
574.40762
574.40842
574.40878
574.40903
574.40984
574.41063
574.41143
574.41178
574.41247
574.41273
574.41335
574.41604
574.41833
574.41976
574.53155
574.53496
574.53754
574.53798
574.53929
574.54071
574.54171
574.54211
574.54274
574.54317
574.54425
574.54464
574.54536
574.54571
574.54644
574.54833
574.54930
574.55015
574.55299
574.55370
574.99340
575.00033
575.02305
575.03078
575.03278
575.03331
576.45848
576.45926
576.45933
576.45994
576.46065
576.46133
576.46198
576.46342
576.46561
576.46714
576.61155
576.61237
576.61453
576.61528
576.61734
576.61948
576.70506
576.71197
576.73377
576.73531
576.73585
576.73656
576.73737
576.73798
576.74228
576.84565
576.84656
576.84768
576.84874
576.85026
576.85346
576.85412
576.85519
576.85585
576.85678
576.86364
576.86586
576.86614
576.86663
576.86803
576.86880
576.96195
576.97374
576.98413
577.00049
577.01033
577.01097
577.01242
577.01318
577.01453
580.07597
580.14359
580.15209
580.16740
580.17675
580.26727
580.27715
580.27781
580.27887
580.28224
580.28305
580.28972
580.36750
580.38794
580.42098
580.51022
580.52843
580.53554
580.54338
580.64677
580.66573
580.70163
580.81518
580.81869
580.82369
580.83242
580.83410
580.83464
580.83501
580.83623
580.83737
580.83799
580.83857
580.84013
580.84290
580.93301
580.95266
580.95533
580.95844
580.96017
580.96207
580.96682
580.96865
580.97072
580.97179
580.97341
580.97405
580.97748
580.97823
580.97889
580.98020
580.98072
580.98191
580.98489
580.98502
580.98557
580.98751
583.73307
583.73381
583.73658
583.73734
583.92867
583.92938
583.93185
583.93289
583.93337
583.93348
583.93358
583.93717
583.93906
583.94093
583.94436
584.03950
584.04021
584.04085
584.04156
584.04230
584.04312
584.14460
584.14570
584.14582
584.14623
584.14656
584.14694
584.14815
584.25707
584.25991
584.37519
584.37593
588.47030
588.47241
588.56834
588.56843
588.56855
588.56865
588.57031
588.57243
588.57294
588.57338
588.57345
588.63742
588.67327
588.67465
588.67534
588.67747
588.78103
588.78169
588.78411
588.78524
588.90693
591.42718
591.50219
591.51294
591.52684
591.63125
591.63172
591.63183
591.63416
591.63485
591.63652
591.63726
591.63816
591.63875
591.63947
591.64022
591.64083
591.64248
591.64478
591.64814
591.74627
591.74798
591.74808
591.74892
591.74931
591.75202
591.81806
591.82828
591.83445
591.84543
591.93007
591.95644
591.96138
591.96182
591.96405
591.96516
591.96582
592.08451
594.10266
594.20456
594.20599
594.20663
594.20807
594.29791
594.29995
594.30410
594.30547
594.30689
594.30852
594.30919
594.31058
594.31193
594.31548
594.41099
594.41331
594.41398
594.41468
594.41545
594.51566
594.51721
594.51779
594.51846
594.51912
594.52086
594.52150
594.52206
594.59684
594.62044
594.70811
594.72068
594.73292
594.75018
594.84022
594.87552
594.88095
597.75659
597.75879
597.82945
597.85191
597.85972
597.86114
597.93434
597.95681
597.96247
597.96451
597.96583
597.96590
597.96685
597.96742
597.96819
598.04422
598.06388
598.07850
598.07922
598.07990
598.08063
598.08141
598.08210
598.08275
598.08419
598.08509
598.18007
598.21257
598.21498
598.21568
598.21629
600.65817
600.66182
600.66525
600.66665
600.66729
600.66879
600.66958
600.67026
600.67176
600.67233
600.67390
600.77313
600.77653
600.85780
600.87854
601.26204
601.42419
601.53793
601.54151
601.54582
601.54622
601.54684
601.55056
601.55196
601.55256
601.55314
601.55408
601.55573
601.55844
601.55916
601.56203
601.64638
601.64697
601.64843
601.66197
601.66496
601.66598
601.66707
601.66828
601.66892
601.67045
601.67060
601.67108
601.67180
601.67323
601.67395
601.67476
601.67510
601.67579
601.67674
601.67752
601.67870
601.67976
601.68062
601.68129
601.68336
601.68493
601.68555
601.68688
601.76491
601.77482
601.79675
601.80523
601.80599
601.80674
601.80952
601.81237
603.99770
604.08899
604.09299
604.11576
604.11752
604.11766
604.11915
604.11988
604.12057
604.12131
604.12204
604.12282
604.12396
604.12490
604.12534
604.12697
604.31547
604.31646
604.32122
604.32277
604.32490
604.32645
604.32849
604.32913
604.47983
604.51873
604.60733
604.61459
604.61737
604.62067
604.62589
604.64936
604.64985
604.65161
604.74360
604.75206
604.75413
604.76195
604.77094
604.77279
604.77481
604.77742
604.77807
604.77877
604.78030
604.78102
604.78145
604.78242
604.78299
604.78447
604.78493
604.78671
604.95225
604.95434
604.95583
604.95699
604.95800
604.95945
604.96593
604.96704
604.96812
604.97279
604.97498
604.97830
604.98083
608.13650
608.28732
612.13071
612.26512
612.26827
612.26942
612.27620
612.27833
612.27852
612.28058
612.28133
612.28291
612.28357
612.59960
614.05973
618.47021
618.47418
618.47727
618.48440
618.56100
618.57380
618.58759
618.59980
618.69027
618.69105
618.69341
618.69514
618.69709
618.70202
618.79289
618.79486
618.79695
618.86542
618.87391
618.89260
618.97414
619.00571
619.48707
619.49406
619.52071
621.74362
621.83946
621.84021
621.84093
621.84174
621.84245
621.93463
621.93525
621.93674
621.93732
621.94119
621.94188
621.94264
621.94350
621.94491
621.94609
621.94680
621.94742
621.94782
621.94799
621.94829
621.94912
621.94987
621.95060
621.95275
622.04946
622.05173
622.05235
622.05468
622.05528
622.05599
622.14831
622.15103
622.15414
622.15532
622.15614
622.15706
622.15781
622.15981
622.16059
622.26955
622.27181
622.27255
624.20560
624.21059
624.30678
624.40940
624.41147
624.41233
624.41329
624.41550
624.41765
624.41837
624.42054
624.42119
624.52089
624.52329
624.52562
624.52627
624.52711
624.61286
624.61557
624.62045
624.62112
624.62199
624.62258
624.62324
624.62390
624.62505
624.62547
624.62607
624.62692
624.62759
624.62920
624.63001
624.63149
624.63445
624.63505
624.63585
624.70986
624.71719
624.73234
624.74590
624.74658
624.74718
626.76204
626.88010
626.88093
626.88155
626.88227
626.88301
626.99651
627.00059
627.00135
627.00276
627.00421
627.00492
627.00534
627.00565
627.00603
627.00632
627.00708
627.00858
627.00919
627.00971
627.01037
627.01066
627.01176
627.01205
627.01270
627.01358
627.01379
627.01417
627.01503
627.01542
627.01582
627.01641
627.01715
627.11257
627.12077
627.14746
627.14802
627.15067
627.15166
627.15242
627.15500
627.15611
627.15909
627.15981
627.16130
627.16204
627.16273
627.16464
631.87611
631.95332
631.96133
631.96989
631.97280
631.98096
631.98101
631.98155
632.07109
632.07338
632.07398
632.07547
632.07583
632.07593
632.07882
632.16875
632.17269
632.24278
632.26427
632.34652
632.37408
635.35215
635.52907
635.53991
635.54068
635.54135
635.54458
635.63425
635.63792
635.73524
635.73902
635.73974
635.74029
635.81525
635.82417
635.82767
635.83681
635.95784
635.96107
635.96275
635.96345
635.96410
636.26161
636.26767
636.27264
636.36385
636.37116
636.38251
636.39412
636.39476
636.39692
636.39754
636.39833
636.39900
636.40048
636.40108
636.40172
636.40320
636.40396
636.40456
636.40493
636.40528
636.50648
636.51051
636.51176
636.51272
636.51855
636.52355
636.52424
636.52523
636.52708
636.52718
636.53094
636.53158
636.53517
636.53664
636.68625
636.72277
636.80844
636.81436
636.83589
636.83709
636.83737
636.83767
636.84179
636.84440
636.84736
636.92720
636.93668
636.94645
636.95752
637.11317
637.11390
637.11457
637.11530
637.11603
639.80411
639.89149
639.89835
639.91220
639.92144
640.01912
640.01972
640.02069
640.02105
640.02150
640.02195
640.02236
640.02258
640.02467
640.02539
640.02596
640.02680
640.10778
640.11723
640.13842
640.14164
640.14356
640.14433
640.14584
640.14661
640.14723
640.23290
640.24418
640.26653
640.27396
640.27419
640.27544
640.27586
640.27647
640.27708
640.27796
640.39575
640.40628
640.42818
640.43237
640.43390
642.11112
642.11543
642.11829
642.14775
642.14996
642.15311
642.15318
642.15382
645.57621
645.64919
645.65351
645.65758
645.66536
645.74544
645.75968
645.86700
645.88373
645.89970
645.91480
645.92024
646.00410
646.01847
646.02228
646.02341
646.02514
646.15491
646.15746
646.16063
646.16125
646.16274
646.16400
646.16433
646.16490
646.16786
646.16940
646.16999
646.17085
646.17152
646.17223
646.17346
646.17448
646.27083
646.27664
646.27725
646.34419
646.37136
646.38340
646.38396
646.38486
646.45548
646.47319
646.48233
646.69401
646.71884
646.72698
646.73015
646.87045
651.37752
651.37981
651.48889
651.49100
651.49174
651.49250
651.49460
651.57305
651.58985
651.59609
651.60688
651.68827
651.71010
651.71335
651.71500
651.71554
651.71892
651.72054
651.72142
651.72674
656.26898
656.36000
656.36693
656.39421
656.40430
656.40592
656.40657
656.50574
656.51353
656.53884
656.54005
656.54086
656.54151
656.54226
656.54302
656.54370
656.54446
656.64768
656.65721
656.67486
656.68251
656.68334
656.68408
656.68485
656.79421
656.79489
656.79629
656.79773
656.79835
656.79972
656.80040
656.80118
656.80190
656.80868
656.80880
656.80922
656.81136
656.81323
656.81467
656.81652
656.81786
656.81938
656.81994
656.82128
656.89837
656.90899
656.92960
656.93122
656.93410
656.93489
656.93665
656.93690
656.93823
656.93973
656.94038
656.94196
657.02400
657.03756
657.05762
660.49561
660.56627
660.57752
660.69974
660.70044
660.70181
660.70215
660.70250
660.70333
660.70396
660.80242
660.80476
660.89468
660.89520
660.89917
660.89928
660.90014
660.90071
660.90250
660.90296
660.90384
660.90606
660.97092
660.98005
661.00071
661.13177
662.91089
662.91346
662.99169
663.00487
663.02066
663.11994
663.12060
663.12150
663.12346
663.12610
663.12637
663.12812
663.13090
663.21597
663.21744
663.22410
663.22486
663.22558
663.22631
663.22668
663.22698
663.22768
663.22952
663.30200
663.30972
663.33369
663.42914
663.43707
663.43774
663.43794
663.43974
663.44039
663.44114
663.44404
663.44473
663.57664
663.57773
663.57996
663.58549
663.58613
663.70539
663.70812
663.70912
663.71104
663.71158
663.71256
663.71323
663.71469
663.71533
663.71613
663.71752
663.71821
663.71977
663.72029
665.95085
665.95150
665.95231
665.95290
665.95505
669.06205
669.17495
669.26285
669.27018
669.27207
669.29498
673.96191
673.96866
673.98626
673.99321
673.99416
674.05766
674.06691
674.07271
674.08931
674.17441
674.18189
674.19384
674.20229
674.20735
674.20823
674.20863
674.20964
674.21018
674.21086
674.21161
674.21300
674.21362
674.21445
674.21767
674.21843
674.31359
674.32301
674.34226
674.35449
674.45164
674.46263
674.48762
676.43516
676.44343
676.56988
676.57284
676.57482
676.57637
676.57808
676.57920
676.66445
676.66700
676.67136
676.67192
676.67234
676.67329
676.67367
676.67470
676.67697
676.67836
676.67908
676.67973
676.68128
676.68165
676.76615
676.76845
676.76982
676.77056
676.77129
676.77364
676.77481
676.77541
676.77582
676.77593
676.77750
676.77896
676.78120
676.78139
676.78167
676.78294
676.78380
676.85239
676.86237
676.87835
676.88868
677.00425
677.00630
681.99855
681.99891
681.99903
682.10865
682.11046
682.11068
682.11098
682.11253
682.11389
682.22015
682.22118
682.22324
682.22331
682.22535
682.22592
682.22748
682.22812
682.30946
682.31842
682.33322
682.34343
682.34396
682.34456
682.34558
682.34576
682.34622
682.34692
682.34762
686.56997
686.65055
686.65450
686.65753
686.65899
686.67677
686.68533
686.68613
686.77291
686.78442
686.80202
690.52740
690.54020
690.54317
690.55871
690.65234
690.65607
690.65740
690.65861
690.66051
690.66222
690.66266
690.66381
690.66483
690.75395
690.75743
690.76180
690.76245
690.76340
690.76417
690.76466
690.76555
690.76626
690.76686
690.76911
690.84475
690.85978
690.86047
690.86327
690.86606
690.86759
690.95575
690.95763
690.95906
690.96008
690.96318
690.96451
690.96511
690.96601
690.96660
690.96778
690.96783
690.96794
690.96852
690.96890
690.97055
690.97259
690.97412
691.07790
691.07926
691.08239
691.08452
691.32883
691.33108
691.44286
691.44439
691.44932
691.44968
691.45005
691.45018
691.45078
691.45116
691.45151
691.45188
691.45224
691.45259
691.45324
691.45372
691.45384
691.45393
691.45522
691.45586
691.45622
691.45686
691.45925
691.45989
691.46075
691.46138
691.46384
691.46450
691.57609
691.58170
691.58613
691.58841
691.59077
691.59174
691.59241
691.59528
691.59552
691.59596
691.59643
691.59712
691.59749
691.59814
691.59897
691.60029
691.60062
691.60111
691.60274
691.60427
691.60486
691.60623
691.60671
691.71760
691.76041
696.09890
696.17066
696.17777
696.18319
696.19310
696.19422
696.19513
696.20867
696.21151
696.29691
696.31094
696.33139
696.34860
696.34867
696.45976
696.46728
697.64928
697.65310
697.81023
697.81322
697.81431
697.81533
697.81640
697.81684
697.81721
697.81782
697.81794
697.81886
697.81926
697.82034
697.82289
698.38398
698.38504
698.38603
698.88886
698.89617
698.92015
701.47959
701.58446
701.67581
701.68001
701.68363
701.68511
701.68557
701.68661
701.68863
701.78111
701.78118
701.78159
701.78511
701.78579
701.78658
701.87139
701.87188
701.87728
701.88063
701.88236
701.88373
701.88455
701.88536
701.88605
701.88759
701.88821
701.88902
701.88975
701.95761
701.96733
701.98377
701.99212
702.07154
702.10504
702.10678
702.10800
706.76645
706.77197
706.78668
706.85514
706.87657
706.88713
706.96753
706.97089
706.97584
706.97677
706.97833
706.97912
706.97982
706.98142
706.98359
707.06255
707.07264
707.07590
707.07771
707.08214
707.17604
707.17917
707.17924
707.18076
707.18096
707.18129
707.18212
707.18284
707.18354
707.18441
707.18515
707.18590
707.18650
707.18709
707.25689
707.28194
710.46276
710.46417
710.46667
710.54285
710.54980
710.56685
710.56854
710.57037
710.57294
710.57306
710.57393
710.57457
710.67250
710.67295
710.67651
710.67713
710.67790
710.67861
710.67924
710.67993
710.68053
710.68136
710.68198
710.68358
710.76436
710.77315
710.78384
710.79442
710.80172
710.80244
710.80317
710.80390
710.80569
710.80645
713.39786
713.47150
713.49500
713.59588
713.59890
713.59986
713.60098
713.60407
713.60531
713.60621
713.60706
713.60778
713.60840
713.60919
713.61119
713.70196
713.70484
713.70710
713.70899
713.77940
713.78984
713.80519
713.81343
713.88951
713.91913
713.92584
713.92637
719.97828
720.07388
720.07627
720.07810
720.17158
720.17304
720.17542
720.17695
720.17757
720.27960
720.35946
720.38984
720.39797
720.40191
723.75491
723.76180
723.78360
723.79192
723.79205
723.87285
723.88167
723.88464
723.88654
723.90681
723.91708
723.91957
723.92288
728.49176
728.50031
728.51605
728.60937
728.61070
728.61229
728.61456
728.61672
728.61745
728.70936
728.71129
728.71473
728.71628
728.71629
728.71656
728.71742
728.71887
728.71955
728.71999
728.72313
728.81006
728.81556
728.81675
728.81763
728.81831
728.81997
728.88937
728.91548
728.92387
728.92391
729.00361
729.01841
729.03413
729.03480
729.37403
729.38287
729.40795
729.41700
732.27875
732.37063
732.37202
732.37422
732.37488
732.37556
732.37635
732.37694
732.37762
732.37907
732.38119
732.46971
732.47322
732.47587
732.47693
732.47726
732.47791
732.47872
732.47910
732.48165
732.48380
732.48528
732.48596
732.48884
732.58175
732.58237
732.58465
732.58610
732.66272
732.68282
732.68938
732.69003
732.69150
732.76554
732.77748
732.79044
732.91939
732.92162
735.89947
735.90663
735.92344
735.93060
736.01264
736.02125
736.02251
736.02339
736.02402
736.02410
736.02542
736.02694
736.02760
736.02852
736.02901
736.02980
736.03055
736.03163
736.03252
736.12465
736.12522
736.12658
736.12708
736.12797
736.12861
736.13151
736.20777
736.22701
736.23186
736.23234
736.30821
736.33004
736.33490
736.33560
736.33788
736.33863
736.33940
736.45383
739.39005
739.49862
739.50144
739.50212
739.50292
739.50350
739.60960
739.61027
739.61098
739.61168
739.61245
739.61304
739.61534
739.71626
739.71696
739.71760
739.72219
739.72400
739.72580
739.72619
739.72685
739.72834
739.72905
739.73207
739.73416
739.73483
739.73554
743.26421
743.26464
743.26513
743.26681
743.35276
743.35498
743.35571
743.35714
743.35872
743.36054
743.36274
743.36318
743.36473
743.36630
743.36885
743.36936
743.43582
743.44255
743.44548
743.44644
743.45205
743.54835
743.55782
743.58697
752.32317
752.42008
752.42180
752.52024
752.52124
752.52173
752.52487
752.52723
752.52791
752.52864
752.52944
752.53024
752.53240
752.62418
752.62578
752.62851
752.72020
752.72495
752.72653
752.72825
752.73007
752.73061
752.73157
752.83200
752.83922
752.83980
752.84070
752.84133
756.61102
756.70551
756.70607
756.70856
756.79283
756.79349
756.79658
756.79702
756.79846
756.80066
756.80201
756.80363
756.89659
756.90041
756.99723
757.00051
757.00117
757.00330
757.00389
757.00528
757.00605
757.11384
757.11601
757.11756
758.41005
758.52503
758.52730
758.62132
758.62361
758.62708
758.62784
758.62863
758.62897
758.62936
758.62976
758.63002
758.63042
758.63109
758.63151
758.63244
758.63355
758.63471
758.63544
758.63585
758.63690
758.63850
758.63908
758.63980
758.64194
758.64347
758.64698
758.71645
758.75500
758.75639
758.75937
758.75972
758.87995
765.30074
765.42815
769.51563
769.61565
769.61714
769.70177
769.71092
769.71311
769.71383
769.71449
769.71663
769.80625
769.80852
769.90881
769.91053
769.91120
769.91189
770.01932
770.73092
770.73156
776.28694
776.39998
776.40057
776.40322
776.52556
779.25840
779.35271
779.35503
779.35729
779.44564
779.44698
779.44785
779.44874
779.44946
779.45026
779.45238
779.53966
779.54315
779.63790
779.64096
779.64321
779.64472
786.03827
786.14285
786.14332
786.14616
786.25368
786.25544
786.25598
786.25675
786.25756
786.25822
786.25844
786.25883
786.25919
786.25958
786.26182
786.26192
786.26245
786.26316
786.26388
786.26458
786.37929
786.38043
786.38246
786.38331
786.47448
786.48377
786.48426
786.48433
786.48466
786.48614
786.48762
786.48832
786.48906
786.49065
786.49078
786.49117
786.49149
786.49338
786.58932
786.59006
786.59236
786.59448
786.59515
786.59586
786.59698
786.59741
786.59813
786.59847
786.59912
786.59951
786.60019
786.60068
786.60128
786.60213
786.60246
786.60274
786.60349
786.60381
786.60492
786.60604
786.60664
786.60712
786.60809
786.60875
786.61162
786.61208
786.61517
786.61592
786.61660
786.71744
786.71818
786.71953
786.72606
786.72809
786.72875
786.73044
786.73143
786.73218
786.73371
786.73439
786.73851
786.74058
786.74143
786.74293
786.86951
786.87148
794.00606
794.12471
794.20913
794.21515
794.24126
794.24723
798.55906
798.63597
798.64847
798.74934
798.75009
798.75215
798.75372
798.75424
798.75432
798.75577
798.75897
798.75959
798.84586
798.85000
798.85051
798.85139
798.85215
798.94092
798.94334
798.94408
798.94744
798.95037
798.95186
799.02158
799.04770
799.16743
799.16975
799.17047
801.60353
801.62259
801.71656
801.71828
801.71966
801.72024
801.72196
801.72385
801.72729
801.80861
801.81169
801.81387
801.81452
801.81549
801.81614
801.81692
801.81912
801.81952
801.82122
801.82313
801.82602
801.82680
801.92127
801.92285
801.92425
801.92588
802.01543
802.02275
802.02433
802.02590
802.02748
802.02806
802.02878
802.02955
802.03104
802.03262
802.03263
802.10902
802.13633
802.14097
802.96228
802.97283
802.99302
802.99355
802.99639
802.99682
802.99698
802.99701
803.00083
803.00228
806.65034
806.65329
806.65394
806.74284
806.74439
806.74569
806.74624
806.74932
806.75084
806.75291
806.75433
806.75498
806.75573
806.75650
806.75716
806.75782
806.75859
806.85149
806.85278
806.86177
806.86406
806.86474
806.86585
806.93649
806.94805
806.96459
806.97540
806.97599
806.97664
806.97755
806.97817
807.12163
809.41829
809.49365
809.50099
809.51752
809.52501
809.61065
809.61241
809.61391
809.61600
809.61660
809.61857
809.61944
809.62182
809.71139
809.71592
809.71655
809.81226
809.81570
809.81798
809.81873
809.92273
809.92545
809.92692
810.36156
810.37063
810.39027
812.21543
812.21608
812.21849
812.30320
812.30732
812.30802
812.30967
812.31042
812.31097
812.31215
812.31464
812.31616
812.31683
812.31692
812.31754
812.31810
812.31878
812.32099
812.40476
812.40541
812.41101
812.41108
812.41351
812.41398
812.41554
812.41719
812.42020
812.50679
812.51041
812.51203
812.51413
812.51607
812.61148
812.61353
812.61431
812.61493
812.61577
812.61641
812.61803
812.61868
812.61940
812.62002
812.62077
812.62158
812.69745
812.71875
812.73046
814.98319
815.00223
815.01141
815.08811
815.08881
815.09107
815.09181
815.09344
815.09405
815.09469
815.09474
815.09567
815.09680
815.09749
815.09965
815.10110
815.10175
815.10321
815.10543
815.19536
815.20129
815.20342
815.20407
815.20510
815.20793
815.28037
815.30014
815.30984
815.37592
815.38618
815.39924
815.41197
815.41259
815.41332
815.49247
815.52046
815.52669
819.22299
819.22548
819.22644
819.22781
819.32729
819.32865
819.32984
819.33223
819.33237
819.42099
819.42328
819.42582
819.42583
819.42681
819.42777
819.42843
819.42879
819.42947
819.42983
819.43025
819.43046
819.43117
819.43192
819.43228
819.43271
819.43334
819.43408
819.43452
819.43486
819.43543
819.43629
819.43698
819.43774
819.43848
819.43911
819.44112
819.51763
819.52475
819.53411
819.54827
819.54893
819.54976
819.55055
824.90307
824.97529
824.98700
825.08330
825.08687
825.09010
825.09238
825.09486
825.09662
825.09832
825.10017
825.19180
825.19574
825.26697
825.28835
825.29406
825.29525
825.36394
825.37392
825.39035
825.40406
825.49105
825.75405
825.75466
825.76279
825.76336
825.76550
825.76613
826.04682
826.04748
826.05105
826.05169
826.05293
826.05675
826.05710
826.05777
826.06182
826.06217
826.06547
826.06561
826.06611
826.06678
826.06754
826.06893
826.06927
826.06969
826.07104
826.07142
826.07264
831.56106
831.63362
831.64040
831.65587
831.73755
831.73972
831.74430
831.74492
831.74561
831.74636
831.74913
831.75096
831.75186
831.75330
831.75672
831.83875
831.84013
831.84082
831.84202
831.84244
831.84487
831.84699
831.94064
831.94177
831.94253
831.94321
831.94383
831.94481
831.94528
831.94741
832.01826
832.02828
832.04308
832.05232
832.16469
835.03776
835.10621
835.11849
835.12828
835.20705
835.22554
835.22816
835.23265
835.23501
835.32523
835.32533
835.32805
835.32886
835.32929
835.32962
835.32998
835.33152
835.33153
835.33207
835.33274
835.33414
835.33581
835.33652
835.33721
835.33868
835.33923
835.34146
835.40258
835.40797
835.41714
835.42250
835.43181
835.45085
835.45095
835.52628
835.53756
835.55858
835.57045
835.66066
835.66793
835.68797
835.68809
835.68932
835.69335
835.69478
835.69538
835.69696
835.69759
835.82370
835.82476
835.82539
835.82588
835.82614
835.82650
835.82723
835.82826
835.82901
835.83015
835.83631
835.83739
835.83839
835.83992
835.84202
835.84342
835.84407
841.22954
841.23171
841.23533
841.23594
841.32905
841.33048
841.33111
841.33262
841.33332
841.33397
841.33475
841.33533
841.42235
841.42290
841.42499
841.42661
841.42768
841.42993
841.43060
841.43137
841.43260
841.43328
841.43609
841.43801
841.43820
841.43832
841.43844
841.43966
841.44163
841.44215
841.44292
841.55162
841.55387
844.64276
844.64581
844.64708
844.64845
844.72957
844.73374
844.75663
845.75809
845.75892
847.97226
848.08550
848.08560
848.08571
848.08584
848.08604
848.08982
848.09143
848.09285
848.20284
848.20358
848.20848
848.21007
848.21078
848.21213
848.21288
848.21372
848.21447
848.30567
848.30997
848.31159
848.31222
848.31304
848.31354
848.39255
848.40552
848.41186
848.41919
850.66512
850.76884
850.77335
850.77405
850.77561
850.88599
850.88775
850.88838
850.88966
850.89054
850.89316
850.99098
850.99328
850.99463
850.99671
851.08832
851.09195
851.09262
851.09337
851.09586
851.09641
851.09691
851.09757
851.09789
851.09857
851.09929
851.09975
851.09999
851.10039
851.10073
851.10138
851.10211
851.10293
851.10360
851.10730
851.19556
851.20409
851.22057
851.22767
851.22846
851.22909
853.08172
853.18221
853.18599
853.18604
853.27883
853.28267
853.28626
853.28852
853.28920
853.29013
853.29073
853.29296
853.38942
853.39095
853.49294
853.49352
853.49505
853.49588
853.49659
853.49721
853.49791
853.49860
853.49944
853.57672
853.60009
853.60996
859.75935
859.83549
859.84059
859.85803
859.86343
859.93678
859.95538
859.96001
859.96264
859.96494
859.96545
859.96703
859.96781
860.04022
860.04945
860.06596
860.07560
860.07593
860.07641
860.07648
860.20938
862.87511
868.20616
868.30973
868.40216
868.40344
868.40430
868.40519
868.40656
868.40719
868.40791
868.40854
868.40929
868.41153
868.50030
868.50078
868.50406
868.50457
868.59519
868.60263
868.60374
868.60462
868.60547
868.60616
868.60677
868.60757
868.67496
868.70674
868.70745
868.70807
868.70865
868.71089
868.71131
868.71307
868.71526
868.82800
868.82841
880.44881
880.44887
880.45151
880.45270
880.45375
880.54532
880.54567
880.54860
880.55070
880.55144
880.55228
880.55294
880.55371
880.63068
880.63297
880.64044
880.64517
880.64664
880.64723
880.64869
880.64948
880.65229
880.74627
880.74685
880.74776
880.74815
880.84570
880.84727
880.84949
880.84975
880.85100
880.85158
880.85236
880.85310
880.95404
880.95451
880.95674
880.95803
880.96012
881.06836
881.07015
884.24444
884.25009
884.25336
884.38060
884.38073
884.38124
884.38267
884.38333
884.38485
884.38498
884.38552
884.38693
884.48928
884.49316
884.49414
884.49523
884.49565
884.49572
884.49968
884.50381
884.50533
884.50900
884.50949
884.51191
885.28319
885.28375
885.28532
885.28736
885.28933
885.29666
885.29715
885.60142
885.62166
885.70689
885.71481
885.72996
885.80336
885.80351
885.80400
885.81494
885.81502
885.81680
885.82691
885.83104
885.83562
886.63437
886.64144
886.64853
886.66001
887.08383
887.08727
887.11092
887.11561
887.12026
887.12653
887.13967
887.14042
887.14180
889.34615
889.34681
889.34910
889.34978
889.35268
889.35294
889.35345
889.45884
889.45948
889.46018
889.46225
889.46585
889.56411
889.56468
889.56542
889.56617
889.56676
889.56975
889.57052
889.57184
889.57228
889.57402
889.67960
889.68026
889.68259
889.68324
889.68473
889.68539
889.68613
889.77987
889.78167
889.78224
889.78377
889.78724
889.78808
889.78823
889.78883
889.78947
889.79031
889.79216
889.79294
889.79373
889.79435
889.79513
889.79869
889.79947
889.80024
892.96078
892.96111
892.96176
892.96213
892.96288
892.96354
892.96499
892.96566
892.96704
893.05554
893.06074
893.06514
893.06713
893.06893
893.15793
893.17068
893.17325
893.27574
893.27649
893.27789
893.27857
893.28080
893.28152
893.38226
893.38304
893.38362
893.38451
893.38683
893.38834
893.38897
893.49975
899.23582
899.23642
899.23718
899.24137
899.34463
899.34680
899.34756
899.34903
899.35169
899.43998
899.44005
899.44240
899.44667
899.44794
899.45081
899.45107
899.45117
899.45127
899.45138
899.45150
899.45160
899.45326
899.45530
899.45608
899.45680
899.45735
899.45876
899.46085
899.46145
899.53463
899.54202
899.57819
899.67722
899.67910
899.68322
899.68428
899.68499
899.68538
899.68572
899.68642
899.68853
899.68997
899.69065
899.69144
899.69209
899.69352
899.69631
899.77446
899.78726
899.80141
899.80368
899.80423
899.81003
899.81322
899.81335
899.81414
902.73706
902.86713
902.94620
902.95559
902.95676
902.95935
902.97934
902.98162
902.98168
902.98366
902.98399
902.98792
902.99069
902.99140
902.99688
902.99766
905.40292
905.40974
905.43427
905.44235
905.56948
905.57191
905.57795
905.78017
905.78249
905.78309
905.78527
905.78670
905.78744
905.78822
905.90675
908.22715
908.22766
908.22778
908.33150
908.33362
908.41728
908.42664
908.42830
908.42887
908.43102
908.43312
908.43386
908.43462
908.53176
908.53211
908.53223
908.53229
908.53580
908.53609
908.63716
908.63939
908.63996
908.64084
908.64087
908.64172
911.43159
911.43431
911.52710
911.52854
911.52963
911.53100
911.53322
911.53377
911.53457
911.61804
911.62084
911.62302
911.63092
911.72709
911.72927
911.73067
911.82935
911.83156
911.83371
911.83446
911.83510
911.83580
911.94323
911.94550
911.94603
920.89343
920.89714
920.89720
920.89767
920.89852
920.89928
920.98799
920.99198
920.99319
920.99387
920.99456
920.99609
920.99674
920.99751
920.99821
920.99900
920.99968
921.00036
921.00110
921.00267
921.00327
921.10916
921.10969
921.11037
921.11103
921.11263
921.22947
921.23042
921.23209
924.58476
924.67042
924.67870
924.69391
924.70301
924.78501
924.79642
924.79793
924.80819
924.83010
924.92848
924.96447
924.97679
925.07610
925.11128
927.69821
927.81844
927.91381
927.91628
927.91684
927.91758
927.91872
927.91904
927.91968
927.92047
927.92189
927.92342
928.01856
928.01917
928.02057
928.12051
928.12178
928.12527
928.12599
928.12664
928.12739
928.23133
928.23207
928.23284
928.23402
928.23414
928.23507
928.23580
928.23652
928.23731
928.23805
933.31696
933.31936
933.31983
933.42512
933.42582
933.42855
933.42925
933.43002
933.53783
933.54004
933.54070
933.54142
933.54211
933.54357
933.54428
933.62827
933.65475
933.66335
933.66475
936.88215
936.91726
936.91821
936.91831
936.91897
936.92258
937.02496
937.03111
937.03243
937.03419
937.03486
937.03718
937.13250
937.13294
937.13302
937.13476
937.13603
937.13909
937.21338
937.23150
937.23528
937.23593
937.23663
937.23735
937.23807
937.23884
937.30605
937.31680
937.33037
937.34201
946.55691
946.55822
946.55916
946.65916
946.66120
946.74148
946.74421
946.75245
946.75348
946.75404
946.75545
946.75693
946.75814
946.75923
946.76150
946.76369
946.76479
946.76529
946.76578
946.85988
946.86033
946.86221
946.86229
946.86474
946.86526
946.86608
946.96971
946.97108
946.97172
946.97250
946.97330
946.97352
946.97391
946.97479
946.97487
946.97538
946.97613
947.08416
947.08646
951.79352
951.79674
951.89573
951.99014
951.99073
951.99194
951.99273
951.99564
951.99771
951.99833
951.99866
951.99935
951.99940
952.00250
952.09414
952.09727
952.17480
952.19305
952.28901
957.38806
957.39072
957.39149
957.39209
957.49547
957.49759
957.49964
957.61609
957.61733
960.65618
960.75797
960.75870
960.76119
960.84983
960.85033
960.85154
960.85405
960.85706
960.85804
960.85845
960.86223
960.86427
960.86588
960.86620
960.86935
960.96452
960.96604
960.96817
961.06720
961.06972
961.07142
965.29280
965.38627
965.47358
965.47824
965.47891
965.48048
965.48119
965.48195
965.48261
965.48405
965.48458
965.57916
965.58147
965.58213
965.58284
965.67957
965.68273
965.68334
965.68403
965.68485
965.68549
965.68697
965.68764
970.36883
970.37059
970.37269
970.46807
970.46882
970.47011
970.47028
970.47068
970.47215
970.47239
970.47240
970.47277
970.57704
970.57766
970.57815
970.57910
970.57984
970.58048
970.58119
970.58197
970.66287
970.66956
970.68912
975.65490
975.73199
975.73849
975.75661
975.83668
975.84705
975.86746
975.87708
975.87719
975.87728
975.99866
976.14568
976.29957
976.31058
979.96823
980.04340
980.05425
980.05561
980.05623
980.06579
980.18309
980.18440
980.18447
980.18709
980.18735
980.18898
980.19104
980.28783
980.29238
980.35993
980.36815
980.37713
980.38361
980.39403
980.46400
980.49328
983.58011
983.58237
983.65161
983.67662
983.67724
983.68122
983.68308
983.77501
983.77771
983.78160
983.78396
983.78423
983.78458
983.78535
983.78601
983.78806
983.78890
983.78984
983.86544
983.88653
983.89359
983.96956
983.99374
984.00076
984.00113
984.00186
985.73235
985.84175
985.84376
985.94362
985.94500
985.94567
985.94677
985.94819
985.94996
985.95125
985.95272
985.95510
985.95586
985.95716
985.95930
985.96212
986.03977
986.04887
986.06842
986.08015
986.08081
986.08150
986.50867
986.54645
989.64591
989.71868
989.72562
989.74496
989.82646
989.83057
989.83672
989.85808
989.86522
989.86861
989.87159
989.87372
989.87586
989.87672
989.87749
989.87816
989.87877
989.87949
989.88010
989.88042
989.95745
989.95993
989.96848
989.98720
989.98981
989.99573
989.99774
990.00383
990.00496
990.00609
990.00707
990.00820
990.00903
990.00959
990.00968
990.01062
990.01122
990.01189
990.01276
990.01341
990.01416
990.01495
990.29449
990.30609
990.32459
990.33491
990.42886
990.44257
990.45048
990.45061
990.45451
990.45572
990.45807
990.45922
990.46010
990.46098
990.46370
990.46438
990.46494
990.46642
990.46698
990.46846
990.47002
990.47061
996.21299
996.22109
996.23948
996.31006
996.31844
996.33552
996.44581
996.44646
996.44787
996.44980
996.53620
996.54322
996.54550
996.54824
996.61925
996.63823
996.64633
996.64646
996.65028
996.73832
996.76798
1001.87310
1001.87513
1001.96872
1001.97151
1001.97548
1001.97706
1001.97759
1001.97833
1001.97979
1001.98045
1002.06668
1002.07017
1002.07238
1002.07525
1002.07552
1002.07846
1002.08069
1002.08217
1002.08277
1002.08361
1002.08511
1002.08572
1002.08644
1002.17944
1002.18124
1002.18362
1002.18511
1002.18572
1002.28471
1002.28503
1002.28518
1002.28753
1002.28812
1002.28886
1002.28959
1002.29035
1002.40983
1005.47890
1005.48138
1005.57651
1005.58109
1005.58177
1005.66649
1005.66863
1005.66918
1005.67202
1005.67259
1005.67322
1005.67543
1005.67950
1005.68150
1005.68297
1005.68378
1005.77494
1005.77558
1005.77699
1005.78021
1005.78159
1005.78242
1005.78383
1005.78528
1005.86881
1005.86956
1005.87324
1005.87681
1005.87928
1005.87983
1005.88064
1005.88123
1005.88280
1005.88345
1005.88432
1005.88509
1005.88573
1005.88645
1005.88729
1005.88801
1005.88944
1005.89008
1005.89085
1005.99868
1006.00035
1006.00290
1009.16442
1009.16641
1009.26650
1009.26872
1009.26912
1009.27009
1009.27081
1009.27144
1009.35104
1009.36300
1009.37306
1009.38155
1009.38232
1009.38307
1009.38381
1009.46590
1009.49307
1009.50255
1009.50322
1013.35773
1013.42510
1013.43193
1013.44817
1013.45519
1013.51908
1013.53376
1013.55412
1013.55484
1013.55556
1013.55781
1013.62792
1013.62827
1013.63204
1013.64238
1013.65718
1013.67572
1013.67597
1013.67645
1013.77408
1013.78720
1013.79624
1013.80618
1013.81310
1013.81794
1017.72556
1017.72633
1017.72843
1017.72918
1017.73002
1017.83351
1017.92983
1017.93038
1018.13318
1018.13489
1018.13536
1018.24222
1018.24293
1018.24533
1018.24612
1018.24617
1018.24671
1018.24755
1021.02265
1021.02495
1021.02644
1021.14865
1021.14939
1021.15143
1032.90299
1032.90462
1032.90467
1032.90690
1033.01744
1033.32684
1033.32749
1033.32836
1033.32899
1033.32970
1033.33045
1033.43726
1033.43848
1033.44154
1033.55630
1033.55838
1033.66160
1033.66342
1033.66645
1033.66708
1033.67035
1033.67096
1033.67362
1033.68464
1033.68536
1033.76554
1033.77289
1033.79281
1033.80481
1033.80555
1033.91546
1033.92670
1033.94655
1033.95554
1036.92214
1036.92346
1037.02240
1037.11949
1037.12163
1037.12384
1037.12417
1037.12451
1037.12573
1037.12741
1037.22379
1037.22435
1037.33136
1037.33427
1040.57134
1040.57369
1040.66959
1040.67013
1040.74683
1040.74917
1040.75246
1040.75846
1040.75994
1040.76044
1040.76190
1040.76289
1040.96379
1040.96467
1040.96611
1044.07940
1044.08179
1044.19276
1044.19480
1047.43822
1047.52891
1047.53182
1047.61203
1047.61433
1047.61508
1047.61879
1047.61929
1047.62208
1047.62413
1047.62625
1047.62912
1047.71886
1047.71932
1047.72182
1047.81947
1047.81954
1047.82207
1047.82354
1051.60471
1051.60587
1051.60748
1051.60837
1051.69904
1051.70056
1051.70123
1051.70282
1051.70340
1051.78559
1051.78644
1051.78895
1051.79557
1051.79668
1051.79777
1051.79842
1051.80084
1051.80089
1051.80204
1051.80268
1051.80538
1051.89218
1051.89507
1051.89572
1051.89723
1051.89935
1051.90120
1051.90370
1051.90511
1052.00470
1052.00585
1052.00672
1052.00757
1052.00819
1052.00974
1054.05382
1054.05449
1054.14996
1054.15319
1054.23812
1054.23907
1054.24422
1054.24782
1054.24804
1054.24829
1054.24953
1054.25230
1054.25433
1054.25579
1054.25634
1054.25699
1054.25709
1054.25925
1054.34674
1054.34739
1054.35288
1054.35422
1054.35518
1054.35602
1054.35787
1054.35849
1054.45821
1054.46043
1054.46205
1054.46340
1054.46346
1054.46386
1054.46420
1058.25850
1058.25914
1058.26070
1058.36663
1058.36911
1058.37121
1058.48627
1058.48888
1058.48969
1064.20428
1064.20718
1064.20861
1064.31428
1064.31469
1064.31713
1064.31791
1064.31856
1064.42722
1064.42912
1064.42987
1064.43001
1064.43148
1064.43180
1064.43418
1064.43498
1067.08592
1067.18746
1067.18867
1067.27041
1067.27251
1067.27467
1067.27562
1067.27677
1067.27788
1067.27977
1067.28033
1067.28123
1067.28247
1067.28306
1067.28350
1067.28400
1067.28568
1067.28642
1067.28702
1067.28828
1067.28923
1067.38250
1067.38328
1067.38386
1067.38473
1067.38545
1067.38608
1067.38762
1067.38826
1067.38902
1067.48933
1067.48973
1067.49176
1067.49379
1076.87595
1076.87668
1076.99159
1076.99261
1076.99322
1076.99398
1076.99542
1076.99751
1079.09781
1079.10077
1079.10310
1079.19977
1079.19985
1079.20128
1079.20414
1079.28825
1079.29528
1079.29744
1079.29780
1079.29849
1079.29966
1079.30208
1079.30252
1079.30262
1079.30424
1079.30479
1079.30575
1079.30628
1079.30969
1079.31030
1079.40419
1079.40491
1079.40505
1079.40610
1079.51169
1079.51239
1082.55310
1082.55398
1082.72419
1082.72492
1082.73238
1082.73444
1082.73616
1082.73684
1082.73753
1082.93280
1082.93478
1083.04669
1083.04680
1083.04801
1083.04864
1083.05012
1083.05074
1086.77586
1086.85991
1086.86423
1086.86696
1086.86925
1086.95040
1086.95261
1086.95538
1086.95614
1086.95843
1086.95919
1086.96025
1086.96095
1086.96140
1086.96170
1086.96308
1086.96432
1086.96464
1086.96527
1086.96671
1086.96745
1087.05968
1087.16239
1087.16295
1087.16451
1087.16603
1087.16667
1090.80734
1090.80753
1090.80768
1090.80956
1090.81027
1090.81162
1090.81229
1090.90142
1090.90319
1090.90384
1090.90670
1090.90895
1090.98869
1090.98929
1090.99008
1090.99284
1090.99506
1090.99645
1090.99752
1090.99787
1090.99797
1090.99856
1090.99964
1091.00073
1091.00170
1091.00318
1091.00519
1091.00672
1091.00838
1091.01053
1091.01131
1091.10697
1091.10839
1091.11030
1091.11094
1091.21580
1091.21646
1091.21728
1091.21790
1091.21946
1095.38095
1095.49622
1095.49688
1095.49900
1095.49980
1095.50121
1095.50270
1097.96899
1098.05896
1098.06105
1098.06309
1098.06477
1098.06539
1098.16259
1098.16577
1098.16912
1098.27488
1098.27549
1098.27722
1098.27766
1098.27889
1098.28092
1098.28168
1109.40651
1122.24111
1122.24354
1122.34635
1122.34716
1122.34932
1122.35002
1122.44384
1122.44511
1122.44600
1122.44761
1122.44799
1122.44815
1122.65181
1122.65235
1122.65280
1122.65352
1122.65414
1137.24808
1137.24967
1137.24989
1137.25017
1137.25093
1137.25235
1137.25302
1137.25367
1137.44341
1137.44545
1137.45114
1137.45268
1137.45292
1137.45344
1137.45514
1137.55191
1137.65482
1137.65712
1137.65713
1137.65714
1137.65729
1137.65774
1140.97534
1140.97696
1140.97764
1141.09098
1141.09309
1141.09386
1141.21867
1141.22153
1147.17204
1147.17593
1147.17859
1147.27328
1147.27392
1147.27562
1147.36005
1147.36071
1147.36218
1147.36274
1147.36718
1147.36781
1147.36891
1147.37004
1147.37063
1147.37370
1147.37754
1147.46194
1147.46509
1147.46894
1147.46953
1147.47026
1147.56896
1147.57035
1147.57100
1147.57172
1147.57234
1147.57318
1147.57392
1147.57466
1150.43471
1150.43705
1150.62369
1150.62641
1150.62704
1150.63236
1150.63278
1150.63308
1150.63376
1150.63601
1150.63671
1150.63740
1150.64047
1150.64123
1150.73576
1150.73733
1150.73797
1150.83842
1150.83921
1150.84078
1150.84142
1150.84213
1150.84287
1150.84354
1150.84432
1156.18629
1156.18741
1156.18888
1156.19097
1156.19160
1156.28634
1156.28849
1156.28918
1156.28975
1156.29017
1156.29131
1156.38095
1156.38313
1156.38375
1156.38509
1156.38812
1156.38992
1156.39164
1156.39228
1156.39379
1156.39392
1156.39428
1156.39496
1156.39608
1156.39818
1156.49101
1156.49150
1156.49385
1156.59889
1156.60114
1160.27254
1160.27523
1160.37973
1160.38046
1160.38058
1160.38154
1160.38450
1160.48998
1160.49097
1160.49213
1160.49244
1160.49310
1160.49389
1160.49588
1160.49663
1160.49693
1160.49881
1166.35672
1166.35948
1166.36106
1172.62434
1172.62670
1172.73544
1172.73649
1172.73725
1172.73797
1172.73832
1172.73873
1172.73931
1172.74004
1172.74053
1172.74085
1172.74148
1172.74217
1172.74295
1172.74363
1172.74432
1172.74509
1172.74585
1172.84694
1172.84766
1172.84991
1172.85058
1172.85125
1172.85403
1172.85617
1172.85754
1172.85898
1172.86006
1172.86077
1172.86146
1172.86219
1172.86290
1172.86798
1172.87146
1172.87187
1172.87229
1172.87311
1186.81545
1186.91786
1186.92009
1186.92067
1186.92132
1187.04506
1209.52101
1209.52255
1209.61638
1209.61786
1209.61844
1209.61997
1209.62067
1209.71455
1209.71545
1209.71882
1209.72031
1209.81779
1209.90850
1209.91598
1209.91738
1209.91807
1209.91917
1209.92032
1209.92180
1209.92244
1210.02039
1210.02357
1210.02708
1210.02858
1217.28716
1217.28956
1217.39110
1217.39325
1217.39515
1217.50718
1217.50856
1217.50864
1217.51065
1225.43982
1225.44202
1225.62815
1225.62897
1225.63032
1225.63106
1225.63237
1225.63309
1225.82581
1225.82645
1225.82724
1225.82869
1225.82937
1225.83005
1225.83157
1228.58089
1228.58339
1228.68059
1228.68131
1228.68162
1228.68190
1228.68420
1228.77347
1228.77565
1228.77708
1228.77772
1228.77840
1228.78022
1228.78085
1228.78131
1228.78183
1228.78244
1228.78401
1228.78611
1228.78754
1228.78815
1228.78892
1228.79046
1228.79108
1228.79181
1228.99506
1228.99804
1228.99877
1233.99595
1233.99670
1233.99820
1233.99884
1233.99961
1234.00028
1234.09391
1234.09455
1234.09608
1234.09675
1234.09895
1234.18158
1234.18380
1234.18529
1234.18741
1234.19095
1234.19314
1234.19391
1234.19639
1234.19763
1234.19835
1234.19999
1234.20342
1234.30270
1234.30644
1234.30803
1234.41302
1234.41377
1244.38830
1244.39058
1244.48457
1244.57230
1244.57300
1244.57459
1244.57530
1244.57643
1244.57714
1244.57725
1244.57855
1244.57963
1244.58019
1244.58032
1244.58061
1244.58180
1244.58231
1244.58288
1244.58407
1244.58503
1244.58545
1244.58578
1244.58732
1244.58870
1244.77614
1244.77674
1244.77742
1244.77810
1244.78163
1244.78354
1264.39716
1264.39901
1264.40016
1264.40049
1264.40122
1264.40270
1264.40298
1264.40331
1264.40411
1264.49684
1264.49911
1264.50143
1264.50205
1264.58644
1264.58890
1264.59245
1264.59403
1264.59507
1264.59580
1264.59618
1264.59645
1264.59715
1264.59755
1264.59828
1264.59866
1264.59932
1264.59974
1264.60078
1264.60122
1264.60298
1264.60507
1264.60876
1320.67957
1320.68142
1320.68234
1320.68320
1320.68390
1320.77912
1320.87782
1320.87851
1320.88075
1320.88133
1321.07970
1321.08204
1321.08352
1321.08400
1321.08489
1321.08632
1325.46390
1325.46459
1325.46539
1325.46613
1325.46765
1325.46806
1325.46814
1325.58283
1325.58497
1325.58554
1330.94151
1330.94430
1331.03512
1331.03575
1331.03927
1331.04186
1331.04252
1331.04506
1331.04721
1331.04804
1331.04867
1331.05009
1331.13691
1331.14042
1331.14230
1331.14397
1331.14474
1331.14563
1331.14759
1331.15006
1331.15184
1331.15253
1331.25232
1331.25302
1331.25372
1331.25516
1331.25594
1331.25665
1338.74639
1338.74897
1338.75017
1338.75088
1338.75225
1338.84396
1338.84448
1338.84493
1338.84519
1338.84602
1338.84668
1338.84740
1338.84885
1338.93209
1338.93451
1338.93521
1338.93743
1338.94043
1338.94150
1338.94205
1338.94326
1338.94399
1338.94435
1338.94489
1338.94571
1338.94607
1338.94660
1338.94704
1338.94782
1338.94855
1338.94925
1338.95005
1338.95123
1338.95220
1338.95301
1338.95379
1339.04559
1339.04566
1341.49702
1341.59924
1341.60247
1341.68138
1341.68419
1341.68505
1341.68714
1341.69574
1341.69627
1341.69746
1341.69853
1341.70007
1341.70041
1341.70061
1341.70233
1341.70377
1341.70439
1341.70525
1341.79998
1341.80216
1341.80289
1346.44376
1346.54609
1346.54651
1346.54663
1346.54746
1346.54830
1346.54986
1346.55045
1346.63263
1346.63524
1346.63804
1346.63871
1346.64179
1346.64255
1346.64326
1346.64392
1346.64494
1346.64558
1346.64760
1346.64834
1346.64938
1346.65139
1346.65311
1346.74876
1346.75116
1346.75178
1346.75244
1346.75325
1353.76297
1353.86471
1353.86522
1353.86692
1353.95197
1353.95484
1353.95829
1353.95892
1353.95970
1353.96009
1353.96116
1353.96236
1353.96278
1353.96333
1353.96413
1353.96562
1353.96624
1354.06426
1354.06493
1362.71383
1362.71603
1362.71666
1362.71887
1362.72091
1362.72314
1362.82791
1362.83242
1362.83247
1362.83313
1362.83589
1362.83652
1362.83859
1362.83914
1362.84088
1362.84161
1362.84228
1362.94530
1362.95011
1362.95168
1362.95235
1362.95380
1362.95603
1362.95631
1362.95662
1362.96040
1363.07429
1366.93011
1366.93567
1367.32763
1367.32994
1367.34394
1371.42659
1371.62211
1371.62461
1371.63036
1371.63099
1371.63175
1371.63315
1371.63393
1371.63472
1371.63535
1371.63830
1371.74155
1371.74226
1371.74362
1376.50727
1376.50942
1376.51129
1376.51204
1376.61742
1376.61901
1376.62116
1384.13828
1384.25741
1384.25897
1384.25959
1390.60230
1390.60465
1396.20907
1396.21014
1396.21416
1396.21625
1396.22066
1396.22219
1396.34823
1400.03331
1400.03536
1400.03694
1400.24204
1400.24420
1410.46964
1410.47245
1410.47256
1421.17008
1425.08833
1437.64257
1437.64490
1467.40901
1467.40949
1467.40960
1467.41187
1642.46512
1642.46809
1642.47228
1642.47292
1642.57131
1642.57314
1642.57870
1642.57917
1642.57928
1642.57981
1642.58225
1642.58383
1642.58724
1642.58794
1642.71439
1784.22554
1784.22632
1784.22735
1784.22849
1784.22994
1784.23131
1784.23296
1784.23512
1784.23666
1784.23797
1784.23929
1784.24264
1784.24399
1784.24522
1784.24695
1784.24924
1784.25083
1784.25624
1784.25742
1784.26098
1784.26332
1879.41785
1879.42454
1879.42756
1879.43266
1879.43704
1879.44099
1879.44965
1879.45432
1879.45653
1879.45884
1879.45977
1879.46085
1879.46455
1879.46761
1879.47004
1879.47287
1879.47486
1879.47692
1879.48318
1879.48979
1879.49521
1879.49676
1879.49989
1879.50068
1879.50179
1879.50300
1879.50386
1879.50589
1879.50793
1879.50966
1879.51133
1879.51363
1879.51527
1879.51883
1879.52270
1879.52507
1879.52862
1879.53060
1879.53085
1879.53577
1879.53662
1879.53792
1879.53943
1879.54043
1879.54133
1879.54452
1879.54580
1879.54948
1879.55172
1879.55791
1879.56340
1984.18346
1984.18447
1984.18618
1986.32967
1986.33193
1986.33510
1986.33764
1986.37003
1986.40782
1986.41028
1986.41466
1986.52051
1986.52242
1987.23381
1987.23578
1987.24115
1987.24350
1987.24663
1987.24888
1987.25257
1987.54261
1987.54404
1987.54602
1987.54850
1987.55092
1987.55228
1987.55427
1987.55705
1987.55947
1987.56240
1987.58148
1987.58581
1987.59225
1987.59398
1987.59656
1987.59933
1991.21986
1991.22222
2003.05886
2003.06097
2004.69376
2004.69533
2004.70036
2004.88451
2005.11204
2005.21522
2005.21675
2005.21897
2005.22250
2005.46631
2005.46770
2005.47184
2005.47346
2006.35445
2006.35573
2006.35946
2006.36514
2006.44190
2006.44406
2006.50362
2006.50588
2008.01480
2010.04360
2010.26442
2010.27413
2010.27589
2010.27848
2010.28515
2010.28939
2010.29051
2010.29173
2010.29281
2010.29364
2010.29520
2010.29595
2010.30233
2012.37075
2012.37377
2012.38061
2012.38216
2012.38466
2012.38769
2012.39047
2012.39346
2012.39604
2060.47996
2060.57280
2060.57642
2060.57765
2060.58682
2060.59280
2060.59423
2060.59517
2060.59559
2060.82540
2060.83763
2060.85650
2060.85743
2060.86597
2061.11289
2061.12962
2061.15450
2061.17449
2061.18296
2061.18546
2061.19554
2061.21696
2061.21729
2061.21804
2061.22334
2061.22949
2061.29256
2061.29842
2061.30624
2061.33614
2061.34378
2061.34390
2061.34762
2061.35226
2061.35243
2061.35336
2061.35388
2061.35904
2061.35967
2061.36606
2061.36824
2061.37592
2061.37700
2061.38997
2061.39085
2061.39108
2061.39472
2061.45942
2061.48441
2061.49164
2061.49736
2061.50207
2061.51411
2061.52654
2061.52705
2061.53557
2061.54196
2061.54211
2061.54249
2061.54910
2061.54996
2061.55047
2061.55123
2061.55181
2061.55245
2061.55310
2061.55400
2061.55427
2061.55550
2061.56153
2061.56946
2061.58034
2061.58104
2061.58149
2061.58215
2061.58656
2061.59158
2061.59452
2061.59531
2061.59705
2061.60511
2061.60906
2061.61703
2061.61970
2061.63258
2061.64686
2061.65251
2061.65788
2061.67379
2061.68581
2061.69053
2061.69207
2061.69280
2061.79552
2061.80794
2061.82626
2061.84456
2061.85571
2061.86869
2061.87428
2061.88550
2061.89309
2061.90598
2061.92104
2061.93254
2061.93274
2061.93770
2061.93854
2061.93867
2061.93879
2061.93888
2062.06079
2062.07806
2062.11090
2062.11367
2062.11986
2062.13513
2062.14190
2062.25918
2062.26090
2062.27193
2062.29399
2062.30724
2062.31081
2062.31131
2062.32039
2062.32240
2062.32307
2062.32389
2062.32406
2062.32680
2062.32763
2062.33080
2062.33179
2062.33203
2062.33271
2062.33688
2062.33961
2062.35033
2062.35591
2062.35975
2062.36209
2062.36754
2062.63158
2062.64087
2062.67139
2062.69206
2062.70844
2062.71887
2062.72130
2062.72167
2062.98969
2062.99202
2063.04784
2063.05298
2063.05641
2063.07555
2063.07917
2063.08419
2063.08560
2063.08620
2063.08682
2063.08719
2063.08753
2063.08838
2063.08854
2063.08942
2063.11469
2063.11624
2063.17645
2063.17759
2063.17809
2063.17964
2063.18118
2063.18181
2063.18260
2063.18295
2063.19102
2063.21128
2063.21306
2063.23431
2063.27369
2063.27510
2063.29831
2063.29978
2063.30197
2063.31732
2063.31883
2063.33010
2063.33722
2063.34821
2063.35284
2063.90736
2063.91199
2063.91299
2063.94172
2063.94222
2063.94258
2063.94378
2063.94474
2063.95930
2063.96052
2063.96422
2063.96902
2063.96939
2063.96999
2063.97182
2063.97323
2063.97382
2063.97794
2063.99165
2063.99244
2063.99293
2063.99323
2063.99586
2063.99792
2064.01110
2064.14400
2064.16994
2064.18503
2064.18557
2064.19236
2064.19505
2064.19729
2064.20115
2064.20658
2064.21163
2064.24111
2064.24174
2064.25190
2064.25350
2064.27319
2065.01625
2065.03893
2065.03924
2065.04586
2065.04634
2065.04735
2065.06186
2065.06533
2065.06615
2065.06737
2065.06806
2065.07239
2065.07445
2065.07809
2065.09473
2065.25154
2065.26246
2065.27028
2065.28446
2065.29322
2065.31844
2065.35027
2065.35834
2065.35891
2065.35981
2065.36006
2065.36976
2065.38287
2065.40173
2065.40264
2065.40333
2065.40400
2065.40478
2065.40597
2065.40838
2065.41159
2065.78307
2065.81557
2065.82080
2065.82109
2065.83097
2065.83154
2065.83277
2065.84195
2065.84489
2065.84510
2065.84545
2065.84560
2065.84728
2065.85271
2065.85328
2065.85404
2065.85452
2065.85623
2065.86661
2065.86728
2065.86795
2065.86959
2065.87025
2065.87092
2065.87211
2065.87280
2065.87738
2066.21493
2066.22336
2066.22398
2066.22489
2066.22570
2066.23281
2066.23587
2066.24796
2066.25301
2066.26157
2066.26683
2066.27942
2066.31265
2066.31500
2066.32684
2066.34317
2066.34522
2066.34625
2066.34821
2066.34835
2066.34869
2066.35750
2066.36300
2066.36429
2066.36548
2066.36701
2066.36785
2066.36869
2066.36904
2066.36939
2066.37047
2066.81654
2066.82396
2066.83328
2066.83522
2066.85705
2066.85819
2066.85870
2066.86321
2066.86376
2066.86820
2066.87295
2066.87339
2066.87543
2066.87579
2066.87674
2066.87726
2066.88625
2066.88720
2066.89348
2066.89406
2066.89937
2066.89981
2066.90009
2067.33562
2067.35782
2067.35803
2067.35898
2067.36289
2067.36395
2067.36471
2067.36554
2067.36583
2067.37806
2067.38754
2067.38883
2067.39299
2067.39363
2067.39415
2067.39495
2067.39520
2067.39600
2067.40187
2067.42076
2067.42972
2067.82469
2067.85790
2067.87328
2067.87904
2067.88212
2067.88338
2067.88508
2067.88695
2067.89966
2067.90305
2067.90524
2067.92513
2067.92747
2067.97011
2067.99213
2068.01632
2068.02146
2068.03103
2068.03633
2068.04253
2068.05049
2068.05598
2068.06647
2068.07893
2068.09357
2068.10240
2068.11734
2068.12512
2068.13355
2068.13929
2068.16811
2068.17304
2068.18693
2068.18836
2068.19438
2068.19570
2068.20736
2068.21193
2068.23401
2068.24524
2068.25249
2068.25574
2068.28643
2068.30271
2068.30640
2068.32445
2068.33083
2068.34389
2068.35014
2068.36694
2068.37794
2068.38501
2068.44682
2068.46035
2070.15099
2070.15725
2070.17324
2070.18668
2070.21526
2070.22346
2070.22607
2123.38739
2123.38850
2123.38995
2123.39132
2123.39268
2123.39405
2123.39521
2123.39650
2123.39766
2123.39879
2123.40014
2123.40161
2123.40319
2123.40473
2123.40610
2123.40751
2123.41067
2123.41202
2123.41350
2123.41497
2123.41628
2123.42390
2123.59644
2123.59763
2123.59889
2123.60026
2123.60149
2123.60276
2152.54504
2152.54574
2152.54646
2152.54713
2152.66797
2152.67054
2152.79629
2152.91470
2152.91475
2152.91490
2152.91491
2152.91530
2152.91775
2152.91841
2152.91994
2152.92058
2153.03406
2153.03484
2153.03545
2153.03630
2153.03769
2156.00327
2156.11832
2156.21417
2156.21804
2156.22209
2156.22319
2156.22393
2156.22424
2156.22496
2156.22714
2156.22906
2156.23036
2156.23066
2156.23134
2156.23198
2156.23261
2156.23407
2156.23458
2156.23542
2156.34194
2156.34652
2156.34707
2163.00172
2163.00297
2163.00444
2163.00579
2163.00713
2163.00851
2163.00957
2163.01087
2163.01267
2163.01387
2163.01541
2163.01684
2163.01827
2163.01983
2163.02124
2163.02268
2163.02406
2163.02550
2163.02713
2163.02863
2163.03034
2163.03195
2163.03756
2163.03922
2163.04442
2163.04571
2163.06386
2163.06498
2163.06627
2163.06752
2163.06885
2163.07030
2163.07286
2163.07392
2163.07525
2163.07642
2163.07785
2182.15115
2182.15168
2182.15330
2182.25837
2182.25980
2182.26189
2182.26342
2182.36547
2182.36595
2182.36742
2182.36819
2182.36959
2182.37246
2185.48507
2185.48711
2185.48882
2185.49442
2185.50097
2191.14790
2203.37762
2203.37823
2203.37983
2203.38050
2203.38133
2203.38199
2203.38339
2206.24809
2208.44640
2208.44917
2208.44983
2208.56255
2208.56304
2208.56317
2208.56480
2208.56655
2208.67238
2208.67508
2208.67782
2208.67897
2208.68084
2208.68128
2208.68239
2208.68295
2208.68342
2208.68425
2208.68458
2208.68538
2208.68563
2208.68633
2208.68685
2208.68755
2208.68786
2208.68852
2208.69009
2213.21161
2213.21458
2213.21538
2213.45289
2213.45323
2213.45498
2217.01497
2217.01542
2217.01710
2217.01848
2217.01909
2217.02070
2221.98256
2221.98312
2221.98386
2221.98547
2221.98685
2222.09026
2222.09099
2222.09172
2222.09244
2222.09359
2222.09451
2222.09666
2234.60847
2234.60986
2234.61139
2234.61236
2234.61364
2234.70913
2234.70975
2234.71486
2234.71551
2234.71633
2234.71708
2234.71773
2234.71836
2234.71898
2234.71979
2234.72022
2234.72122
2234.72191
2234.72280
2234.72346
2234.72418
2234.83138
2234.83185
2234.83338
2234.83566
2238.25750
2238.25921
2238.25981
2238.26113
2238.26183
2238.26266
2238.26340
2238.36175
2238.36328
2238.36628
2238.36683
2238.36918
2238.37065
2238.37130
2238.37279
2247.20363
2247.20418
2247.20574
2267.65105
2267.65143
2267.65241
2270.84552
2270.84917
2270.99772
2271.13015
2271.13099
2271.13636
2271.13700
2271.14012
2271.14062
2271.14131
2271.14286
2271.14386
2271.14666
2271.14854
2271.15334
2271.88741
2271.88813
2271.89165
2271.90691
2271.92294
2271.92579
2271.92769
2271.96943
2271.99074
2272.39117
2272.39157
2272.39841
2272.40722
2272.42085
2272.42332
2272.43004
2272.43769
2272.44499
2272.45605
2272.53342
2272.53426
2272.53803
2272.55066
2272.55916
2272.56908
2272.57592
2272.63693
2272.67553
2272.72483
2272.74219
2272.74851
2272.74995
2272.86922
2272.87629
2272.88536
2272.92567
2272.99293
2272.99421
2273.00235
2273.02764
2273.04098
2273.07702
2273.08052
2273.08929
2273.10622
2273.10953
2273.11011
2273.11338
2273.17337
2273.18247
2273.21111
2273.21705
2273.22050
2273.23285
2273.23621
2273.24790
2273.25711
2273.25955
2273.28364
2273.29234
2273.29235
2273.29704
2273.43833
2273.47255
2273.50393
2273.50663
2273.50709
2273.51782
2273.51883
2273.51949
2273.52020
2273.52128
2273.52249
2273.52285
2273.52371
2273.52381
2273.53291
2273.66409
2273.66495
2273.68258
2273.69838
2273.70685
2273.73915
2273.73938
2273.74027
2273.74482
2273.74520
2273.74568
2273.74734
2273.74822
2273.74837
2273.74867
2273.76180
2273.76213
2273.76412
2273.77632
2273.96095
2273.96104
2274.08098
2274.08722
2274.10711
2274.10967
2274.12542
2274.12964
2274.13291
2274.15084
2274.15632
2274.16665
2274.16752
2274.16780
2274.17156
2274.31511
2274.32320
2274.37575
2274.38383
2274.38750
2274.39104
2274.39462
2274.39753
2274.40311
2274.40331
2274.40364
2274.40504
2274.40562
2274.40773
2274.40785
2274.41315
2274.41391
2274.42595
2274.63953
2274.66213
2274.66665
2274.67280
2274.67384
2274.67537
2274.67591
2274.68662
2274.69569
2274.69616
2274.69733
2274.69888
2274.69922
2274.70199
2274.70473
2274.70715
2274.71265
2274.72173
2274.72215
2274.73706
2275.11059
2275.14308
2275.14647
2275.15916
2275.15971
2275.15984
2275.16380
2275.17089
2275.43272
2275.43346
2275.43870
2275.44259
2275.44682
2275.45104
2275.46974
2275.47073
2275.47151
2275.47541
2275.47674
2275.47694
2275.47818
2275.47938
2275.48053
2275.48104
2275.49363
2275.49423
2275.75083
2275.77614
2275.78996
2275.79854
2275.81167
2275.81551
2275.82347
2275.82613
2275.82661
2275.83167
2275.83512
2275.83595
2275.83619
2275.83717
2275.83768
2275.83843
2275.83966
2275.85287
2275.87475
2275.88032
2275.88139
2275.88321
2275.88357
2275.88428
2275.88503
2275.88563
2275.88639
2275.88695
2276.26538
2276.29776
2276.30403
2276.30516
2276.30686
2276.30841
2276.31260
2276.32701
2276.32744
2276.32964
2276.33781
2276.33896
2276.35114
2276.55414
2276.62411
2276.63572
2276.63971
2276.63972
2276.64032
2276.66238
2276.67258
2276.67833
2276.67899
2276.67907
2276.68578
2276.68795
2277.32877
2277.33716
2277.34090
2277.35820
2277.36639
2277.37068
2277.37362
2277.37677
2277.38490
2277.38665
2277.40250
2277.88096
2277.93189
2277.95266
2277.96426
2277.97822
2277.98109
2277.98129
2277.98139
2277.99086
2277.99134
2278.00537
2278.00741
2278.00897
2278.01195
2278.02524
2278.03040
2278.05042
2278.06573
2278.08641
2278.13799
2278.14045
2278.73517
2278.74356
2278.74690
2278.74950
2278.76224
2278.80767
2278.85577
2278.85762
2278.86083
2278.86138
2278.86804
2278.86911
2278.86983
2278.87024
2278.87399
2278.88486
2278.88546
2278.88681
2278.90305
2278.91566
2278.91856
2278.92260
2278.92975
2278.93200
2278.97852
2278.97898
2278.98150
2278.98450
2278.98725
2279.19496
2279.22296
2279.22450
2279.22531
2279.23060
2279.24059
2279.24976
2279.25246
2279.44039
2279.51950
2279.52770
2279.53807
2279.60109
2279.60296
2279.64731
2279.64818
2279.66657
2279.67322
2279.68447
2279.69209
2279.70255
2279.70776
2279.71835
2279.72254
2279.74278
2279.74949
2279.75375
2279.76589
2279.77750
2279.78470
2279.78704
2279.78720
2279.78746
2279.78767
2279.78793
2279.78881
2279.78895
2279.78930
2279.78943
2279.79145
2279.79159
2279.79186
2279.79210
2279.81274
2279.81337
2279.82091
2279.86088
2280.33287
2280.33497
2280.34564
2280.34692
2280.34994
2280.35751
2280.38554
2280.38735
2280.39824
2280.40552
2280.40553
2280.40554
2280.40555
2280.40604
2280.41386
2280.41967
2280.42037
2280.44799
2280.45067
2280.45229
2280.45634
2280.45981
2280.48227
2280.48710
2280.88331
2280.91391
2280.92482
2303.45933
2303.46053
2303.46200
2303.46372
2303.46557
2303.46726
2303.46850
2303.46982
2303.47137
2303.47270
2303.47420
2303.47568
2303.47710
2303.47893
2303.48043
2303.48189
2303.48617
2303.48798
2303.49007
2303.49332
2303.49511
2303.49932
2303.50549
2303.50722
2303.50870
2303.51304
2303.51737
2303.51930
2305.97207
2305.97284
2305.97374
2305.97426
2305.97507
2308.50832
2308.50842
2308.50902
2310.23912
2310.23965
2310.24051
2310.24103
2310.24307
2310.35209
2310.35683
2310.35974
2310.36183
2310.36491
2310.36560
2310.36626
2310.36696
2310.36772
2310.36837
2310.36920
2310.50255
2310.50687
2310.50829
2310.51038
2310.51098
2310.51169
2310.51233
2310.51310
2310.51375
2310.51459
2310.51593
2310.51672
2310.51744
2310.51815
2316.13167
2316.13239
2316.13357
2316.13479
2316.13526
2316.13692
2316.13757
2316.13831
2316.24396
2316.24569
2316.24731
2316.24789
2316.24865
2316.36088
2316.36156
2316.36314
2316.36498
2316.36559
2316.45911
2316.45974
2316.46045
2316.46124
2316.46200
2316.46258
2316.46348
2316.46420
2316.46476
2316.46550
2316.57240
2316.57473
2316.57500
2316.57521
2316.57607
2316.57678
2316.57816
2316.57891
2316.58022
2316.58139
2321.26348
2321.26703
2321.35603
2321.35877
2321.35953
2321.36020
2321.44763
2321.45373
2321.45393
2321.45438
2321.45499
2321.45645
2321.45712
2321.45817
2321.45885
2321.45948
2321.54116
2321.55105
2321.55707
2321.55808
2321.55870
2321.55928
2321.55940
2321.56035
2321.56110
2321.56186
2321.56255
2321.56329
2321.56396
2321.56495
2325.26956
2325.27242
2329.19777
2329.28757
2329.38721
2329.38771
2329.38927
2329.38978
2329.39125
2329.48957
2329.49032
2329.49060
2329.49093
2329.49163
2329.49304
2329.49504
2329.58142
2329.58593
2329.59701
2329.59814
2329.59879
2329.60041
2329.60139
2329.60155
2329.60290
2329.60349
2329.60387
2329.60436
2329.60504
2329.60645
2329.60706
2329.60777
2329.60856
2333.58706
2333.73902
2333.74119
2334.73399
2337.13591
2339.92797
2339.93000
2339.93076
2339.93312
2340.07059
2340.07267
2340.07296
2340.07338
2340.07423
2340.07506
2340.07571
2340.07641
2340.08496
2340.08688
2340.08846
2340.08975
2340.20536
2340.20537
2340.20586
2340.20672
2340.20749
2340.20817
2340.20888
2340.21006
2340.21080
2340.21194
2350.63611
2354.43303
2354.55935
2358.48970
2358.49166
2358.49247
2358.49325
2358.49394
2358.60719
2358.60778
2358.61305
2358.61580
2358.61721
2358.61782
2358.72966
2358.73030
2358.73116
2358.73129
2358.73196
2358.73247
2358.73340
2358.73434
2358.73463
2368.94780
2368.94853
2368.95011
2369.06291
2369.06539
2369.06589
2369.06685
2369.06752
2369.06970
2369.18880
2369.18934
2369.19013
2369.19078
2369.19139
2490.55740
2490.55785
2490.55883
2490.56017
2490.70809
2490.70885
2490.70957
2490.80676
2499.30875
2499.31020
2499.31118
2499.31255
2499.42052
2499.42997
2499.43058
2499.43137
2499.43198
2499.43361
2499.43565
2499.43640
2499.43722
2499.43780
2499.43858
2499.54507
2499.54698
2499.54857
2499.55019
2499.55093
2513.19962
2513.29896
2513.29978
2513.30057
2513.30088
2513.30125
2513.30199
2513.30342
2513.30559
2513.39098
2513.39691
2513.40229
2513.40298
2513.40451
2513.40668
2513.51076
2513.51146
2513.51220
2513.51294
2513.51358
2513.51426
2513.51499
2513.51568
2513.51643
2520.47959
2520.48028
2520.60923
2520.60991
2520.60998
2520.61162
2520.61198
2520.61209
2520.71868
2520.72645
2520.72682
2520.72817
2520.73007
2523.06074
2526.07920
2526.08604
2526.08809
2526.09045
2526.17282
2526.17485
2526.17550
2526.17643
2526.17715
2526.17935
2526.18855
2526.18916
2526.19129
2526.19195
2526.19348
2526.19421
2526.19594
2526.19670
2526.19737
2526.19796
2526.28307
2526.28586
2526.28972
2526.29987
2526.30121
2526.30301
2526.30356
2526.30402
2526.30479
2526.30553
2526.30579
2526.30634
2526.30652
2526.30683
2526.30724
2526.30803
2526.30881
2539.65172
2539.65401
2539.65542
2539.65610
2551.76283
2551.86725
2551.86785
2551.86848
2551.97849
2551.98050
2551.98109
2551.98253
2551.98327
2557.68635
2557.68699
2576.73933
2576.74135
2576.74844
2576.75021
2602.86913
2602.86972
2602.86989
2602.87123
2602.87192
2603.38317
2603.38528
2603.39263
2603.40957
2603.42256
2603.42362
2603.42572
2603.60440
2603.60575
2603.61538
2603.61857
2603.62984
2603.63440
2603.63782
2603.64300
2603.64602
2603.65016
2603.65765
2603.67064
2603.67754
2603.68428
2603.71926
2603.76859
2603.76984
2603.77692
2603.77921
2603.79120
2603.79825
2603.80852
2603.82293
2603.82449
2603.83139
2603.83451
2603.83837
2603.84348
2603.84371
2603.87451
2603.87571
2603.93502
2603.94141
2603.94371
2603.95316
2603.96421
2603.97625
2603.99500
2604.07023
2604.07964
2604.08832
2604.10519
2604.11651
2604.12179
2604.12301
2604.12727
2604.15386
2604.15472
2604.15493
2604.16892
2604.16903
2604.16942
2604.16950
2604.16980
2604.17083
2604.18039
2604.18209
2604.51122
2604.52126
2604.53768
2604.54155
2604.54669
2604.57580
2604.67281
2604.68749
2604.70841
2604.73474
2604.87072
2604.87196
2604.88752
2604.89935
2604.91680
2604.94110
2604.94620
2604.94703
2605.11707
2605.11806
2605.14396
2605.17294
2605.19012
2605.19218
2605.19265
2605.21290
2605.21631
2605.22970
2605.24435
2614.05986
2614.06054
2633.39418
2633.39473
2633.39549

