"Time"	"0 RT t"
5.762200	0.522040
10.004600	0.511490
21.655000	0.480980
38.090100	0.566220
43.842200	0.452970
47.908300	0.466650
55.527600	0.463180
62.012200	0.494910
77.679300	0.447620
81.076500	0.500590
85.235900	0.431320
90.447600	0.436340
97.359800	0.401990
100.690200	0.382490
106.641400	0.404090
109.600000	0.378810
122.088300	0.426280
126.019300	0.424400
129.995900	0.370250
143.289300	0.406810
153.602100	0.450480
168.897700	0.393510
171.860900	0.295880
177.992500	0.399940
180.682700	0.401460
185.326600	0.589820
192.096800	0.299300
196.267300	0.384520
199.497200	0.392450
206.040900	0.282600
209.308500	0.423520
213.823200	0.279440
217.057500	0.364020
220.374700	0.261450
232.805200	0.397300
236.193500	0.406830
239.243100	0.365160
244.945400	-0.100000
246.831500	0.354780
273.792100	0.362850
276.132300	0.488100
280.491400	0.313740
286.830800	0.396500
293.238800	0.378520
297.749200	0.418630
301.128200	0.410430
304.535400	0.366740
307.131400	0.407740
310.554200	0.773990
315.105900	0.317220
317.893200	0.395140
320.522500	0.277540
324.178300	-0.100000
329.988200	0.261060
339.799000	0.000400
346.027100	0.348300
353.458800	0.326810
357.156400	0.250290
364.604400	0.291500
367.072300	0.326600
369.660600	0.336810
379.639600	0.275750
389.535100	0.258150
407.589200	-0.100000
411.940500	0.357100
415.621700	0.341070
423.888700	0.279400
429.146800	0.329040
432.456200	0.290980
448.847800	0.237420
477.715600	0.293430
483.568200	0.276540
493.160300	0.287180
497.888500	0.386300
506.929400	0.214880
509.645600	0.222400
532.188400	0.213560
537.680400	0.301660
543.774000	0.237970
554.150800	0.263300
566.906800	0.224480
572.285800	0.299820
579.804000	0.271970
583.330400	0.402670
591.125800	0.301380
593.854400	0.248260
597.402700	0.353890
618.188900	0.281310
621.393100	0.350520
623.838600	0.367000
631.644200	0.231910
635.121300	0.230850
645.330700	0.245510
660.252500	0.243110
662.666700	0.244190
676.125300	0.309860
690.214700	0.312700
701.084000	0.395590
706.447500	0.318950
713.143000	0.254860
728.167000	0.324760
731.873900	0.404850
735.607000	0.292470
752.098900	0.224270
756.250000	0.361020
769.211800	0.303830
778.992000	0.266400
798.355100	0.203960
801.251200	0.352330
809.046300	0.371990
811.947400	0.268030
814.634300	0.348890
824.724500	0.178570
831.358700	0.202360
834.855900	0.181860
847.568900	0.403360
850.406900	0.258220
852.817100	0.264620
857.392800	-0.100000
867.879800	0.326360
877.454600	-0.100000
879.919500	0.529310
888.920200	0.425950
892.544700	0.416080
899.196300	0.039520
905.046200	0.356720
907.988100	0.239050
910.969600	0.461990
915.425300	-0.100000
922.740900	1.843860
924.508200	0.076560
927.382700	0.315510
931.733300	1.583660
936.722500	0.159650
939.784800	-0.100000
945.668400	0.888510
951.312800	0.480720
955.786100	1.601960
960.268600	0.387580
964.535600	0.757200
967.718300	-0.100000
973.009500	-0.100000
979.712800	0.255430
983.196800	0.383310
995.734400	0.478590
1001.142500	0.730600
1005.130900	0.348000
1013.063900	0.293830
1017.173800	0.551760
1027.299100	-0.100000
1031.716200	1.186790
1036.432500	0.489640
1040.225800	0.345540
1047.198800	0.239420
1051.277100	0.327610
1053.770500	0.283320
1066.742600	0.343320
1078.625200	0.472610
1082.282800	0.270300
1086.531300	0.244560
1090.451300	0.356040
1097.737900	0.231090
1105.655600	-0.100000
1121.820500	0.420610
1125.921200	-0.100000
1130.505900	-0.100000
1136.864600	0.383480
1146.832700	0.339340
1150.074500	0.360210
1155.656000	0.530290
1162.868500	-0.100000
1164.943800	1.412920
1174.872800	-0.100000
1180.102600	-0.100000
1183.964000	-0.100000
1186.342500	0.472950
1190.668800	-0.100000
1199.000400	-0.100000
1209.151000	0.370010
1225.149700	0.290120
1228.270900	0.309990
1231.223100	-0.100000
1233.669300	0.326650
1240.208300	-0.100000
1241.933300	-0.100000
1244.048600	0.339700
1250.232300	-0.100000
1252.095400	-0.100000
1258.514700	-0.100000
1264.066300	0.330860
1269.389900	-0.100000
1274.219000	-0.100000
1285.996100	-0.100000
1295.643100	-0.100000
1300.676800	-0.100000
1303.789300	-0.100000
1306.105300	-0.100000
1316.285700	-0.100000
1320.194100	0.485470
1323.433200	2.030700
1327.304700	-0.100000
1330.505600	0.435910
1338.468700	0.277690
1341.180200	0.316820
1346.207500	0.236260
1353.522900	0.240070
1356.599500	-0.100000
1362.032400	0.681430
1371.122900	0.303690
1376.166400	0.340870
1379.302200	-0.100000
1383.777800	0.360480
1390.219700	0.382600
1393.562000	-0.100000
1399.696300	0.337010
1407.470200	-0.100000
1410.034200	0.435440
1420.796900	0.373180
1424.749300	0.339030
1427.701000	-0.100000
1432.410700	-0.100000
1437.309200	0.333370
1439.215800	-0.100000
1444.921500	-0.100000
1448.324700	-0.100000
1450.691000	-0.100000
1452.544100	-0.100000
1456.136500	-0.100000
1458.023100	-0.100000
1460.141900	-0.100000
1467.028900	0.380110
1472.453000	-0.100000
1487.309800	-0.100000
1489.193900	-0.100000
1491.160000	-0.100000
1499.013600	-0.100000
1500.717600	-0.100000
1506.748800	-0.100000
1508.507700	-0.100000
1514.851400	-0.100000
1518.341100	-0.100000
1525.356200	-0.100000
1527.289300	-0.100000
1530.466100	-0.100000
1532.226700	-0.100000
1537.559800	-0.100000
1857.061400	-0.100000
2002.347300	0.711560
2011.809700	0.561050
2015.106700	-0.100000
2031.466500	-0.100000
2036.940300	-0.100000
2046.191400	-0.100000
2050.649700	-0.100000
2052.932600	-0.100000
2055.100800	-0.100000
2058.453400	2.026560
2074.176400	-0.100000
2081.011400	-0.100000
2082.750500	-0.100000
2093.784500	-0.100000
2096.117100	-0.100000
2099.374500	-0.100000
2105.880900	-0.100000
2113.142800	-0.100000
2115.058100	-0.100000
2117.715500	-0.100000
2120.802600	-0.100000
2127.099000	-0.100000
2129.519200	-0.100000
2131.419000	-0.100000
2137.825900	-0.100000
2142.258100	-0.100000
2144.119000	-0.100000
2148.293300	-0.100000
2152.087100	0.457940
2155.685000	0.318270
2159.195300	-0.100000
2181.704500	0.446650
2202.934400	0.443220
2205.815600	0.432490
2208.048000	0.398400
2212.789400	0.422210
2216.594900	0.420070
2219.438800	-0.100000
2221.623600	0.358960
2229.443300	-0.100000
2234.232800	0.375670
2237.893100	0.364400
2244.178400	-0.100000
2246.776600	0.427030
2252.765200	-0.100000
2254.508600	-0.100000
2257.741700	-0.100000
2263.900800	-0.100000
2267.230500	0.420550
2290.070000	-0.100000
2293.325700	-0.100000
2295.136900	-0.100000
2299.044500	-0.100000
2302.301600	1.157730
2305.446600	0.525470
2315.721500	0.410170
2321.022200	0.241280
2328.919200	0.278570
2339.458900	0.469070
2343.228400	-0.100000
2358.073700	0.416000
2368.537200	0.410600
2381.289400	-0.100000
2383.574000	-0.100000
2386.068700	-0.100000
2388.612300	-0.100000
2394.063500	-0.100000
2397.760400	-0.100000
2402.882500	-0.100000
2408.046900	-0.100000
2411.827500	-0.100000
2418.230100	-0.100000
2421.314000	-0.100000
2428.441000	-0.100000
2431.335200	-0.100000
2438.592700	-0.100000
2440.710400	-0.100000
2445.307900	-0.100000
2447.558100	-0.100000
2454.096200	-0.100000
2456.719100	-0.100000
2460.774300	-0.100000
2462.749300	-0.100000
2465.872100	-0.100000
2468.377600	-0.100000
2470.186000	-0.100000
2473.122600	-0.100000
2475.948600	-0.100000
2479.556600	-0.100000
2490.111100	0.446300
2498.906100	0.402650
2507.166500	-0.100000
2512.906400	0.293220
2520.035200	0.444390
2522.654600	0.406140
2525.728400	0.350800
2541.596400	-0.100000
2543.503800	-0.100000
2547.022600	-0.100000
2551.477900	0.284930
2557.286500	0.399850
2561.319800	-0.100000
2566.645700	-0.100000
2568.460100	-0.100000
2578.358100	-0.100000
2585.450900	-0.100000
2592.076300	-0.100000
2600.143800	-0.100000
2610.190600	-0.100000
2613.610200	0.449660
2616.244000	-0.100000
2621.410900	-0.100000
