"Time"	"0 RT t"
59.174600	0.140230
72.403000	0.220690
82.092800	0.250670
98.870400	0.644020
114.666800	-0.100000
121.672800	-0.100000
124.021200	-0.100000
126.874200	-0.100000
129.571700	-0.100000
132.569400	0.655990
140.285100	-0.100000
145.636200	-0.100000
150.564400	-0.100000
157.931500	-0.100000
161.195300	0.373300
181.991400	-0.100000
188.136300	0.646770
199.527000	0.243300
207.204700	0.310180
211.290900	0.207800
226.393800	0.254150
229.856400	0.212730
232.556700	0.196350
235.816300	0.185420
244.964200	0.295350
249.246400	0.308710
264.594900	0.181060
268.855900	0.178510
282.196700	0.184130
288.518300	-0.100000
292.369700	0.244110
298.755200	0.333100
306.901500	-0.100000
312.551000	0.456850
325.489500	0.135340
336.313600	0.190110
344.651800	0.422700
352.094900	0.287740
358.547500	0.239120
360.983900	0.058190
373.459500	0.245080
377.660700	0.189560
409.616000	0.209770
413.418400	0.230220
429.763100	0.056090
432.095000	0.249100
444.388500	0.154910
448.573000	0.215890
455.217900	0.257860
461.408800	0.203400
482.815900	0.269740
495.285900	0.200550
498.244400	0.237810
503.449100	0.216740
509.702000	0.195280
522.145500	0.192690
528.553500	0.180630
552.366700	0.235570
555.872300	0.156970
571.432000	0.285120
587.675500	0.169580
602.532600	0.178670
605.978400	0.358100
608.827600	0.279840
611.529200	0.216240
627.724100	0.127090
630.877800	0.194350
656.765100	0.217970
659.722100	0.170680
667.814100	0.186180
690.468200	0.178090
706.693500	0.246450
710.459300	0.218950
723.698300	0.209380
736.676600	0.217290
754.965900	0.153890
784.646400	0.205800
803.526200	0.014590
811.264900	0.230080
821.680800	0.327920
827.517400	0.236440
873.060900	0.211490
877.372800	0.301690
880.287700	0.196720
893.294100	0.067000
899.976600	0.224110
908.517200	0.171360
951.485400	0.225530
953.956400	0.367130
958.905400	0.303740
966.568900	0.285710
973.285400	0.295470
984.685500	0.163530
999.011000	0.288250
1012.162700	0.388490
1027.477100	0.289080
1031.282700	0.203100
1048.741700	0.248160
1067.475900	0.236350
1087.511900	0.279190
1093.929700	0.185750
1100.995100	0.253330
1103.961700	0.244580
1135.100400	0.367630
1144.491300	0.030990
1155.808500	0.191050
1179.562400	0.258410
1200.607800	0.240000
1207.401800	0.287870
1227.078600	0.144530
1235.452400	0.425380
1251.868100	0.215430
1277.762100	0.248700
1284.751300	2.001140
1286.630400	0.122040
1299.495000	0.099990
1303.474600	0.236380
1323.538500	0.273760
1363.496400	0.922340
1375.988600	0.087160
1400.111400	0.254760
1421.417900	0.425200
1425.761300	0.139470
1443.263500	0.489660
1447.055100	0.509410
1456.052100	0.499570
1477.839700	-0.100000
1480.740200	0.368360
1513.707200	-0.100000
1520.385500	0.525680
1532.121800	0.223070
1536.972200	1.031410
1552.348300	0.985260
1583.165000	0.240840
1611.483100	0.474900
1623.451400	-0.100000
1626.502200	0.181900
1629.431400	-0.100000
1640.751100	0.022520
1649.874400	0.363330
1663.025300	0.088850
1677.672700	0.291430
1716.861600	0.338840
1743.190900	0.133110
1754.898500	-0.100000
1775.532200	0.805750
1795.716400	0.289140
1806.783800	0.313910
1857.071500	-0.100000
1862.027300	0.617600
1873.415500	0.303210
1875.687800	0.403420
1879.155500	-0.100000
1882.893700	-0.100000
1884.612800	-0.100000
1891.363300	-0.100000
1898.732100	1.130630
1910.815700	-0.100000
1915.586100	0.822040
1934.182000	0.269980
1956.415500	0.992350
1968.222500	0.484780
1973.609200	0.068170
1987.430500	1.852340
1993.170800	0.391420
2001.969100	0.279100
2006.923300	0.387630
2018.323300	0.356620
2028.285500	0.150260
2033.419200	0.303860
2062.655200	0.205310
2071.586500	0.300470
2384.789000	0.204640
2393.417400	0.259180
2402.743900	0.234020
2420.609600	0.215700
2431.022400	0.262800
2446.716400	0.416810
2449.527100	0.499450
2453.458000	0.290300
2472.723700	0.352470
2476.823600	0.421740
2501.638600	0.459810
2538.385500	1.191110
2551.737000	2.174990
2561.453700	-0.100000
2565.014100	0.328900
2586.122700	-0.100000
2589.225700	1.211110
2595.823200	0.340510
2609.959200	0.167590
2627.820100	0.785040
2649.104900	0.448180
2662.703400	0.000330
2673.266800	2.007310
2688.172700	0.516240
2694.630700	0.406680
2709.052700	0.381770
2712.164000	0.008810
2720.293500	0.686930
2731.985000	-0.100000
2734.669300	0.645930
2746.021700	0.456820
2752.785500	1.243210
2757.280400	0.458920
2772.869800	0.731160
2783.299800	0.288900
2810.068900	0.267310
2816.380900	0.533240
2822.210700	1.755710
2829.220200	-0.100000
2853.278800	-0.100000
2860.945600	0.499540
2869.393100	0.532090
2872.801900	-0.100000
2886.153300	-0.100000
2898.948000	-0.100000
2900.736400	-0.100000
2912.669600	0.761140
2916.661200	-0.100000
2924.859100	-0.100000
2929.755500	1.066900
2953.242300	-0.100000
2957.946200	0.390130
2963.418000	-0.100000
2969.685900	0.324470
2986.692800	0.473400
2998.464300	-0.100000
3009.335300	0.459950
3012.968700	0.344980
3023.251400	0.374970
3035.283900	0.367360
3039.779400	0.582300
3065.802500	0.533890
3068.927300	2.169770
3078.481100	0.669960
3085.646800	0.146840
3089.891800	0.310320
3098.757700	0.385460
3109.608700	0.330630
3113.173200	0.358280
3119.729500	0.392700
3130.471100	0.172830
3148.648800	0.490470
3162.190800	0.311700
3171.911100	0.346340
3174.938200	0.297320
3195.259200	0.841130
3206.902400	-0.100000
3213.306900	0.420930
3218.637300	0.350790
3228.875500	0.506230
3240.156500	-0.100000
3244.666600	0.411470
3249.743400	0.539680
3259.642400	1.175480
3271.202500	0.409610
3276.148700	0.459280
3285.187400	2.022290
3289.581100	0.565980
3296.334100	-0.100000
3298.600400	1.457760
3308.177700	-0.100000
3312.405700	-0.100000
3315.467000	0.463200
3321.226100	1.807890
3325.190800	0.686850
3339.173100	-0.100000
3347.939900	-0.100000
3352.104700	-0.100000
3354.841300	0.980520
3361.217100	-0.100000
3367.094200	-0.100000
3370.180700	-0.100000
3373.235200	-0.100000
3381.413800	-0.100000
3383.693100	-0.100000
3390.645600	-0.100000
3397.486700	-0.100000
3400.919100	-0.100000
3403.730500	0.550860
3422.898500	-0.100000
3429.791200	-0.100000
3432.017700	-0.100000
3436.361200	0.411750
3445.864800	0.513170
3450.909600	0.478420
3457.050200	-0.100000
3459.322300	-0.100000
3462.242100	-0.100000
3466.164800	-0.100000
3472.231500	-0.100000
3483.432500	0.639370
3486.629900	0.371380
3491.840600	2.169810
3493.953600	0.056810
3499.116600	0.509550
3501.868500	-0.100000
3504.900100	0.684570
3524.651700	1.483740
3527.953600	-0.100000
3530.685500	-0.100000
3535.440000	-0.100000
3540.329500	-0.100000
3542.313400	0.873280
3547.422900	0.246160
3555.716500	1.370600
3558.749300	1.931140
3571.377300	0.312670
3575.078200	0.637590
3583.035400	-0.100000
3588.665400	0.454360
3598.295300	-0.100000
3601.296800	-0.100000
3603.473700	1.390900
3610.224000	-0.100000
3632.602900	1.058750
3640.433200	0.498830
3654.325800	0.505770
3658.333400	0.351180
3665.650800	0.431140
3669.500200	0.289310
3674.458600	-0.100000
3692.447500	0.862650
3697.704800	0.631020
3700.918900	0.382420
3703.387700	0.732580
3710.268800	0.418690
3712.678900	0.425700
3715.717100	2.115460
3723.296800	-0.100000
3726.129900	-0.100000
3728.187800	-0.100000
3745.545400	0.602780
3754.880200	0.197030
3757.709800	0.263730
3768.026200	0.505000
3779.308500	0.338480
3785.407700	0.274560
3789.673200	-0.100000
3792.487200	-0.100000
3798.430000	-0.100000
3805.929700	-0.100000
3808.605500	-0.100000
3811.758300	-0.100000
3823.049100	0.329750
3825.608600	0.335340
3828.091200	-0.100000
3831.119300	0.561820
3836.079300	0.288570
3840.156000	0.591140
3843.858200	0.394970
3848.324700	-0.100000
3850.565600	0.487300
3853.679000	-0.100000
3856.746100	0.441750
3859.041300	-0.100000
3867.747600	-0.100000
3869.995700	-0.100000
3879.361500	-0.100000
3881.858400	-0.100000
3883.755100	-0.100000
3886.533700	-0.100000
3891.688200	-0.100000
3893.450800	0.650720
3896.783100	-0.100000
3902.640800	-0.100000
3906.360400	0.619120
3910.238700	-0.100000
3917.542300	-0.100000
3921.808200	-0.100000
3924.991700	0.438340
3937.878300	-0.100000
3941.565200	-0.100000
3947.992800	-0.100000
3952.607000	2.005210
3987.179100	0.446580
3990.710000	-0.100000
3993.227800	0.360450
3996.474000	0.242800
4002.214600	2.190670
4003.993500	0.411770
4009.519600	-0.100000
4012.571200	-0.100000
4015.169100	-0.100000
4032.327700	0.525280
4041.427100	0.332330
4046.943500	0.433660
4053.032400	0.518630
4056.864200	0.506360
4059.634500	-0.100000
4062.893700	-0.100000
4066.173900	0.469320
4069.795800	-0.100000
4072.363200	-0.100000
4075.529900	0.426830
4079.997500	0.363600
4087.970700	-0.100000
4095.582500	0.419100
4103.789200	-0.100000
4110.908300	-0.100000
4116.090400	-0.100000
4119.704200	0.614690
4123.069300	-0.100000
4124.957800	-0.100000
4130.892400	-0.100000
4135.379500	0.531670
4146.195400	-0.100000
4159.056500	0.329900
4161.745100	0.327610
4169.030100	0.319890
4173.835300	0.462320
4177.953300	0.279450
4183.968900	-0.100000
4185.870900	-0.100000
4188.648900	-0.100000
4191.236000	-0.100000
4193.813800	-0.100000
4197.356600	-0.100000
4199.292600	-0.100000
4205.159700	0.472420
4207.412700	-0.100000
4209.553900	0.468050
4213.491500	-0.100000
4216.132900	0.481390
4219.828900	-0.100000
4221.771100	0.380890
4225.563800	-0.100000
4227.429900	-0.100000
4231.007600	-0.100000
4238.124600	-0.100000
4241.275500	0.497480
4244.049000	-0.100000
4246.034800	-0.100000
4254.587900	-0.100000
4258.107300	-0.100000
4269.797400	-0.100000
4278.304500	-0.100000
4281.823800	-0.100000
4284.612900	-0.100000
4288.259600	0.455260
4296.514800	0.421390
4311.978100	-0.100000
4315.230000	0.445500
4325.939700	-0.100000
4333.203200	0.354360
4335.638200	0.372300
4343.070500	-0.100000
4348.975400	-0.100000
4351.133400	0.377410
4354.918700	-0.100000
4364.001100	-0.100000
4365.780100	-0.100000
4369.101600	-0.100000
4372.162800	-0.100000
4374.645500	-0.100000
4378.680400	-0.100000
4384.529900	-0.100000
4386.892900	2.064850
